117048 1335 835
117049 1335 835
117050 1335 835
117051 1335 835
117052 1335 835
117053 1335 835
117054 1335 835
117055 1335 835
117056 1335 835
117057 1335 835
117058 1335 835
117059 1335 835
117060 1335 835
117061 1335 835
117062 1335 835
117063 1335 835
117064 1335 835
117065 1335 835
117066 1335 835
117067 1335 835
117068 1335 835
117069 1335 835
117070 1335 835
117071 1335 835
117072 1335 835
117073 1335 835
117074 1335 835
117075 1335 835
117076 1335 835
117077 1335 835
117078 1335 835
117079 1335 835
117080 1335 835
117081 1335 835
117082 1335 835
117083 1335 835
117084 1335 835
117085 1335 835
117086 1335 835
117087 1335 835
117088 1335 835
117089 1335 835
117090 1335 835
117091 1335 835
117092 1335 835
117093 1335 835
117094 1335 835
117095 1335 835
117096 1335 835
117097 1335 835
117098 1335 835
117099 1335 835
117100 1335 835
117101 1335 835
117102 1335 835
117103 1335 835
117104 1335 835
117105 1335 835
117106 1335 835
117107 1335 835
117108 1335 835
117109 1335 835
117110 1335 835
117111 1335 835
117112 1335 835
117113 1335 835
117114 1335 835
117115 1335 835
117116 1335 835
117117 1335 835
117118 1335 835
117119 1335 835
117120 1335 835
117121 1335 835
117122 1335 835
117123 1335 835
117124 1335 835
117125 1335 835
117126 1335 835
117127 1335 835
117128 1335 835
117129 1335 835
117130 1335 835
117131 1335 835
117132 1335 835
117133 1335 835
117134 1335 835
117135 1335 835
117136 1335 835
117137 1335 835
117138 1335 835
117139 1335 835
117140 1335 835
117141 1335 835
117142 1335 835
117143 1335 835
117144 1335 835
117145 1335 835
117146 1335 835
117147 1335 835
117148 1335 835
117149 1335 835
117150 1335 835
117151 1335 835
117152 1335 835
117153 1335 835
117154 1335 835
117155 1335 835
117156 1335 835
117157 1335 835
117158 1335 835
117159 1335 835
117160 1335 835
117161 1335 835
117162 1335 835
117163 1335 835
117164 1335 835
117165 1335 835
117166 1335 835
117167 1335 835
117168 1335 835
117169 1335 835
117170 1335 835
117171 1335 835
117172 1335 835
117173 1335 835
117174 1335 835
117175 1335 835
117176 1335 835
117177 1335 835
117178 1335 835
117179 1335 835
117180 1335 835
117181 1335 835
117182 1335 835
117183 1335 835
117184 1335 835
117185 1335 835
117186 1335 835
117187 1335 835
117188 1335 835
117189 1335 835
117190 1335 835
117191 1335 835
117192 1335 835
117193 1335 835
117194 1335 835
117195 1335 835
117196 1335 835
117197 1335 835
117198 1335 835
117199 1335 835
117200 1335 835
117201 1335 835
117202 1335 835
117203 1335 835
117204 1335 835
117205 1335 835
117206 1335 835
117207 1335 835
117208 1335 835
117209 1335 835
117210 1335 835
117211 1335 835
117212 1335 835
117213 1335 835
117214 1335 835
117215 1335 835
117216 1335 835
117217 1335 835
117218 1335 835
117219 1335 835
117220 1335 835
117221 1335 835
117222 1335 835
117223 1335 835
117224 1335 835
117225 1335 835
117226 1335 835
117227 1335 835
117228 1335 835
117229 1335 835
117230 1335 835
117231 1335 835
117232 1335 835
117233 1335 835
117234 1335 835
117235 1335 835
117236 1335 835
117237 1335 835
117238 1335 835
117239 1335 835
117240 1335 835
117241 1335 835
117242 1335 835
117243 1335 835
117244 1335 835
117245 1335 835
117246 1335 835
117247 1335 835
117248 1335 835
117249 1335 835
117250 1335 835
117251 1335 835
117252 1335 835
117253 1335 835
117254 1335 835
117255 1335 835
117256 1335 835
117257 1335 835
117258 1335 835
117259 1335 835
117260 1335 835
117261 1335 835
117262 1335 835
117263 1335 835
117264 1335 835
117265 1335 835
117266 1335 835
117267 1335 835
117268 1335 835
117269 1335 835
117270 1335 835
117271 1335 835
117272 1335 835
117273 1335 835
117274 1335 835
117275 1335 835
117276 1335 835
117277 1335 835
117278 1335 835
117279 1335 835
117280 1335 835
117281 1335 835
117282 1335 835
117283 1335 835
117284 1335 835
117285 1335 835
117286 1335 835
117287 1335 835
117288 1335 835
117289 1335 835
117290 1335 835
117291 1335 835
117292 1335 835
117293 1335 835
117294 1335 835
117295 1335 835
117296 1335 835
117297 1335 835
117298 1335 835
117299 1335 835
117300 1335 835
117301 1335 835
117302 1335 835
117303 1335 835
117304 1335 835
117305 1335 835
117306 1335 835
117307 1335 835
117308 1335 835
117309 1335 835
117310 1335 835
117311 1335 835
117312 1335 835
117313 1335 835
117314 1335 835
117315 1335 835
117316 1335 835
117317 1335 835
117318 1335 835
117319 1335 835
117320 1335 835
117321 1335 835
117322 1335 835
117323 1335 835
117324 1335 835
117325 1335 835
117326 1335 835
117327 1335 835
117328 1335 835
117329 1335 835
117330 1335 835
117331 1335 835
117332 1335 835
117333 1335 835
117334 1335 835
117335 1335 835
117336 1335 835
117337 1335 835
117338 1335 835
117339 1335 835
117340 1335 835
117341 1335 835
117342 1335 835
117343 1335 835
117344 1335 835
117345 1335 835
117346 1335 835
117347 1335 835
117348 1335 835
117349 1335 835
117350 1335 835
117351 1335 835
117352 1335 835
117353 1335 835
117354 1335 835
117355 1335 835
117356 1335 835
117357 1335 835
117358 1335 835
117359 1335 835
117360 1335 835
117361 1335 835
117362 1335 835
117363 1335 835
117364 1335 835
117365 1335 835
117366 1335 835
117367 1335 835
117368 1335 835
117369 1335 835
117370 1335 835
117371 1335 835
117372 1335 835
117373 1335 835
117374 1335 835
117375 1335 835
117376 1335 835
117377 1335 835
117378 1335 835
117379 1335 835
117380 1335 835
117381 1335 835
117382 1335 835
117383 1335 835
117384 1335 835
117385 1335 835
117386 1335 835
117387 1335 835
117388 1335 835
117389 1335 835
117390 1335 835
117391 1335 835
117392 1335 835
117393 1335 835
117394 1335 835
117395 1335 835
117396 1335 835
117397 1335 835
117398 1335 835
117399 1335 835
117400 1335 835
117401 1335 835
117402 1335 835
117403 1335 835
117404 1335 835
117405 1335 835
117406 1335 835
117407 1335 835
117408 1335 835
117409 1335 835
117410 1335 835
117411 1335 835
117412 1335 835
117413 1335 835
117414 1335 835
117415 1335 835
117416 1335 835
117417 1335 835
117418 1335 835
117419 1335 835
117420 1335 835
117421 1335 835
117422 1335 835
117423 1335 835
117424 1335 835
117425 1335 835
117426 1335 835
117427 1335 835
117428 1335 835
117429 1335 835
117430 1335 835
117431 1335 835
117432 1335 835
117433 1335 835
117434 1335 835
117435 1335 835
117436 1335 835
117437 1335 835
117438 1335 835
117439 1335 835
117440 1335 835
117441 1335 835
117442 1335 835
117443 1335 835
117444 1335 835
117445 1335 835
117446 1335 835
117447 1335 835
117448 1335 835
117449 1335 835
117450 1335 835
117451 1335 835
117452 1335 835
117453 1335 835
117454 1335 835
117455 1335 835
117456 1335 835
117457 1335 835
117458 1335 835
117459 1335 835
117460 1335 835
117461 1335 835
117462 1335 835
117463 1335 835
117464 1335 835
117465 1335 835
117466 1335 835
117467 1335 835
117468 1335 835
117469 1335 835
117470 1335 835
117471 1335 835
117472 1335 835
117473 1335 835
117474 1335 835
117475 1335 835
117476 1335 835
117477 1335 835
117478 1335 835
117479 1335 835
117480 1335 835
117481 1335 835
117482 1335 835
117483 1335 835
117484 1335 835
117485 1335 835
117486 1335 835
117487 1335 835
117488 1335 835
117489 1335 835
117490 1335 835
117491 1335 835
117492 1335 835
117493 1335 835
117494 1335 835
117495 1335 835
117496 1335 835
117497 1335 835
117498 1335 835
117499 1335 835
117500 1335 835
117501 1335 835
117502 1335 835
117503 1335 835
117504 1335 835
117505 1335 835
117506 1335 835
117507 1335 835
117508 1335 835
117509 1335 835
117510 1335 835
117511 1335 835
117512 1335 835
117513 1335 835
117514 1335 835
117515 1335 835
117516 1335 835
117517 1335 835
117518 1335 835
117519 1335 835
117520 1335 835
117521 1335 835
117522 1335 835
117523 1335 835
117524 1335 835
117525 1335 835
117526 1335 835
117527 1335 835
117528 1335 835
117529 1335 835
117530 1335 835
117531 1335 835
117532 1335 835
117533 1335 835
117534 1335 835
117535 1335 835
117536 1335 835
117537 1335 835
117538 1335 835
117539 1335 835
117540 1335 835
117541 1335 835
117542 1335 835
117543 1335 835
117544 1335 835
117545 1335 835
117546 1335 835
117547 1335 835
117548 1335 835
117549 1335 835
117550 1335 835
117551 1335 835
117552 1335 835
117553 1335 835
117554 1335 835
117555 1335 835
117556 1335 835
117557 1335 835
117558 1335 835
117559 1335 835
117560 1335 835
117561 1335 835
117562 1335 835
117563 1335 835
117564 1335 835
117565 1335 835
117566 1335 835
117567 1335 835
117568 1335 835
117569 1335 835
117570 1335 835
117571 1335 835
117572 1335 835
117573 1335 835
117574 1335 835
117575 1335 835
117576 1335 835
117577 1335 835
117578 1335 835
117579 1335 835
117580 1335 835
117581 1335 835
117582 1335 835
117583 1335 835
117584 1335 835
117585 1335 835
117586 1335 835
117587 1335 835
117588 1335 835
117589 1335 835
117590 1335 835
117591 1335 835
117592 1335 835
117593 1335 835
117594 1335 835
117595 1335 835
117596 1335 835
117597 1335 835
117598 1335 835
117599 1335 835
117600 1335 835
117601 1335 835
117602 1335 835
117603 1335 835
117604 1335 835
117605 1335 835
117606 1335 835
117607 1335 835
117608 1335 835
117609 1335 835
117610 1335 835
117611 1335 835
117612 1335 835
117613 1335 835
117614 1335 835
117615 1335 835
117616 1335 835
117617 1335 835
117618 1335 835
117619 1335 835
117620 1335 835
117621 1335 835
117622 1335 835
117623 1335 835
117624 1335 835
117625 1335 835
117626 1335 835
117627 1335 835
117628 1335 835
117629 1335 835
117630 1335 835
117631 1335 835
117632 1335 835
117633 1335 835
117634 1335 835
117635 1335 835
117636 1335 835
117637 1335 835
117638 1335 835
117639 1335 835
117640 1335 835
117641 1335 835
117642 1335 835
117643 1335 835
117644 1335 835
117645 1335 835
117646 1335 835
117647 1335 835
117648 1335 835
117649 1335 835
117650 1335 835
117651 1335 835
117652 1335 835
117653 1335 835
117654 1335 835
117655 1335 835
117656 1335 835
117657 1335 835
117658 1335 835
117659 1335 835
117660 1335 835
117661 1335 835
117662 1335 835
117663 1335 835
117664 1335 835
117665 1335 835
117666 1335 835
117667 1335 835
117668 1335 835
117669 1335 835
117670 1335 835
117671 1335 835
117672 1335 835
117673 1335 835
117674 1335 835
117675 1335 835
117676 1335 835
117677 1335 835
117678 1335 835
117679 1332.5 832.5
117680 1330 830
117681 1330 830
117682 1330 830
117683 1330 830
117684 1330 830
117685 1330 830
117686 1330 830
117687 1330 830
117688 1327.5 830
117689 1325 830
117690 1325 830
117691 1325 830
117692 1325 830
117693 1325 830
117694 1325 830
117695 1325 830
117696 1322.5 827.5
117697 1320 825
117698 1320 825
117699 1320 825
117700 1320 825
117701 1320 825
117702 1320 825
117703 1320 825
117704 1320 825
117705 1317.5 822.5
117706 1315 820
117707 1315 820
117708 1315 820
117709 1315 820
117710 1315 820
117711 1315 820
117712 1315 820
117713 1312.5 817.5
117714 1310 815
117715 1310 815
117716 1310 815
117717 1310 815
117718 1310 815
117719 1310 815
117720 1310 815
117721 1310 815
117722 1310 815
117723 1310 815
117724 1307.5 812.5
117725 1305 810
117726 1305 810
117727 1305 810
117728 1305 810
117729 1305 810
117730 1305 810
117731 1305 810
117732 1303.33333333333 808.333333333333
117733 1301.66666666667 806.666666666667
117734 1300 805
117735 1300 805
117736 1300 805
117737 1300 805
117738 1300 805
117739 1300 805
117740 1300 805
117741 1300 805
117742 1300 805
117743 1300 805
117744 1300 805
117745 1300 805
117746 1300 805
117747 1300 805
117748 1300 805
117749 1300 805
117750 1298.33333333333 803.333333333333
117751 1296.66666666667 801.666666666667
117752 1295 800
117753 1295 800
117754 1295 800
117755 1295 800
117756 1295 800
117757 1285 790
117758 1275 780
117759 1275 780
117760 1275 780
117761 1275 780
117762 1275 780
117763 1275 780
117764 1275 780
117765 1275 780
117766 1275 777.5
117767 1275 775
117768 1275 775
117769 1275 775
117770 1275 775
117771 1275 775
117772 1275 775
117773 1275 775
117774 1265 765
117775 1255 755
117776 1255 755
117777 1255 755
117778 1255 755
117779 1255 755
117780 1255 755
117781 1255 755
117782 1255 755
117783 1252.5 752.5
117784 1250 750
117785 1250 750
117786 1250 750
117787 1250 750
117788 1250 750
117789 1250 750
117790 1250 750
117791 1250 750
117792 1235 735
117793 1220 720
117794 1220 720
117795 1220 720
117796 1220 720
117797 1220 720
117798 1220 720
117799 1220 720
117800 1217.5 717.5
117801 1215 715
117802 1215 715
117803 1215 715
117804 1215 715
117805 1215 715
117806 1215 715
117807 1215 715
117808 1215 715
117809 1205 705
117810 1195 695
117811 1195 695
117812 1195 695
117813 1195 695
117814 1195 695
117815 1195 695
117816 1195 695
117817 1195 695
117818 1195 695
117819 1195 695
117820 1192.5 692.5
117821 1190 690
117822 1190 690
117823 1190 690
117824 1190 690
117825 1190 690
117826 1190 690
117827 1190 690
117828 1190 690
117829 1187.5 685
117830 1185 680
117831 1185 680
117832 1185 680
117833 1185 680
117834 1185 680
117835 1185 680
117836 1185 678.333333333333
117837 1185 676.666666666667
117838 1185 675
117839 1185 675
117840 1185 675
117841 1185 675
117842 1185 675
117843 1185 675
117844 1185 675
117845 1185 672.5
117846 1185 670
117847 1185 670
117848 1185 670
117849 1185 670
117850 1185 670
117851 1185 670
117852 1185 662.5
117853 1185 655
117854 1185 655
117855 1185 655
117856 1185 655
117857 1185 655
117858 1185 655
117859 1185 655
117860 1185 655
117861 1185 650
117862 1185 645
117863 1185 645
117864 1185 645
117865 1185 645
117866 1185 645
117867 1185 645
117868 1185 645
117869 1185 645
117870 1195 630
117871 1205 615
117872 1205 615
117873 1205 615
117874 1205 615
117875 1205 615
117876 1205 615
117877 1205 615
117878 1206.66666666667 611.666666666667
117879 1208.33333333333 608.333333333333
117880 1210 605
117881 1210 605
117882 1210 605
117883 1210 605
117884 1210 605
117885 1210 605
117886 1210 605
117887 1220 595
117888 1230 585
117889 1230 585
117890 1230 585
117891 1230 585
117892 1230 585
117893 1230 585
117894 1245 570
117895 1260 555
117896 1260 555
117897 1260 555
117898 1260 555
117899 1260 555
117900 1260 555
117901 1260 555
117902 1260 555
117903 1262.5 552.5
117904 1265 550
117905 1265 550
117906 1265 550
117907 1265 550
117908 1265 550
117909 1265 550
117910 1265 550
117911 1265 550
117912 1275 540
117913 1285 530
117914 1285 530
117915 1285 530
117916 1285 530
117917 1285 530
117918 1285 530
117919 1285 530
117920 1285 530
117921 1287.5 530
117922 1290 530
117923 1290 530
117924 1290 530
117925 1290 530
117926 1290 530
117927 1293.33333333333 528.333333333333
117928 1296.66666666667 526.666666666667
117929 1300 525
117930 1300 525
117931 1300 525
117932 1300 525
117933 1300 525
117934 1300 525
117935 1300 525
117936 1300 525
117937 1300 525
117938 1300 525
117939 1300 525
117940 1300 525
117941 1302.5 525
117942 1305 525
117943 1305 525
117944 1305 525
117945 1305 525
117946 1305 525
117947 1305 525
117948 1305 525
117949 1305 525
117950 1307.5 525
117951 1310 525
117952 1310 525
117953 1310 525
117954 1310 525
117955 1310 525
117956 1312.5 525
117957 1315 525
117958 1315 525
117959 1315 525
117960 1315 525
117961 1315 525
117962 1315 525
117963 1315 525
117964 1315 525
117965 1317.5 525
117966 1320 525
117967 1320 525
117968 1320 525
117969 1320 525
117970 1320 525
117971 1320 525
117972 1320 525
117973 1320 525
117974 1320 525
117975 1320 525
117976 1320 525
117977 1320 525
117978 1322.5 525
117979 1325 525
117980 1325 525
117981 1325 525
117982 1325 525
117983 1325 525
117984 1325 525
117985 1325 525
117986 1325 525
117987 1325 525
117988 1325 525
117989 1325 525
117990 1325 525
117991 1325 525
117992 1325 525
117993 1325 525
117994 1327.5 525
117995 1330 525
117996 1330 525
117997 1330 525
117998 1330 525
117999 1330 525
118000 1330 525
118001 1330 525
118002 1333.33333333333 525
118003 1336.66666666667 525
118004 1340 525
118005 1340 525
118006 1340 525
118007 1340 525
118008 1340 525
118009 1340 525
118010 1340 525
118011 1340 525
118012 1340 525
118013 1341.66666666667 526.666666666667
118014 1343.33333333333 528.333333333333
118015 1345 530
118016 1345 530
118017 1345 530
118018 1345 530
118019 1345 530
118020 1345 530
118021 1345 530
118022 1347.5 532.5
118023 1350 535
118024 1350 535
118025 1350 535
118026 1350 535
118027 1350 535
118028 1350 535
118029 1350 535
118030 1350 535
118031 1355 537.5
118032 1360 540
118033 1360 540
118034 1360 540
118035 1360 540
118036 1360 540
118037 1360 540
118038 1360 540
118039 1360 540
118040 1370 555
118041 1380 570
118042 1380 570
118043 1380 570
118044 1380 570
118045 1380 570
118046 1380 570
118047 1380 570
118048 1382.5 572.5
118049 1385 575
118050 1385 575
118051 1385 575
118052 1385 575
118053 1385 575
118054 1385 575
118055 1385 575
118056 1385 575
118057 1387.5 580
118058 1390 585
118059 1390 585
118060 1390 585
118061 1390 585
118062 1390 585
118063 1390 585
118064 1390 585
118065 1393.33333333333 595
118066 1396.66666666667 605
118067 1400 615
118068 1400 615
118069 1400 615
118070 1400 615
118071 1400 615
118072 1402.5 617.5
118073 1405 620
118074 1405 620
118075 1405 620
118076 1405 620
118077 1405 620
118078 1405 620
118079 1405 620
118080 1405 625
118081 1405 630
118082 1405 635
118083 1405 635
118084 1405 635
118085 1405 635
118086 1405 635
118087 1405 635
118088 1405 635
118089 1415 655
118090 1425 675
118091 1425 675
118092 1425 675
118093 1425 675
118094 1425 675
118095 1425 675
118096 1425 675
118097 1425 675
118098 1425 682.5
118099 1425 690
118100 1425 690
118101 1425 690
118102 1425 690
118103 1425 690
118104 1425 690
118105 1425 690
118106 1425 690
118107 1425 690
118108 1425 690
118109 1425 690
118110 1425 692.5
118111 1425 695
118112 1425 695
118113 1425 695
118114 1425 695
118115 1425 695
118116 1425 695
118117 1425 695
118118 1425 695
118119 1425 700
118120 1425 705
118121 1425 705
118122 1425 705
118123 1425 705
118124 1425 705
118125 1425 705
118126 1425 705
118127 1425 710
118128 1425 715
118129 1425 715
118130 1425 715
118131 1425 715
118132 1425 715
118133 1425 715
118134 1425 715
118135 1425 715
118136 1425 720
118137 1425 725
118138 1425 725
118139 1425 725
118140 1425 725
118141 1425 725
118142 1425 725
118143 1425 725
118144 1425 727.5
118145 1425 730
118146 1425 730
118147 1425 730
118148 1425 730
118149 1425 730
118150 1425 730
118151 1425 730
118152 1425 731.666666666667
118153 1425 733.333333333333
118154 1425 735
118155 1425 735
118156 1425 735
118157 1425 735
118158 1425 735
118159 1425 735
118160 1425 735
118161 1422.5 737.5
118162 1420 740
118163 1420 740
118164 1420 740
118165 1420 740
118166 1420 740
118167 1420 740
118168 1420 740
118169 1417.5 745
118170 1415 750
118171 1415 750
118172 1415 750
118173 1415 750
118174 1415 750
118175 1415 750
118176 1415 750
118177 1415 750
118178 1415 750
118179 1415 750
118180 1415 750
118181 1415 750
118182 1412.5 752.5
118183 1410 755
118184 1410 755
118185 1410 755
118186 1410 755
118187 1410 755
118188 1410 755
118189 1410 755
118190 1407.5 757.5
118191 1405 760
118192 1405 760
118193 1405 760
118194 1405 760
118195 1405 760
118196 1405 760
118197 1405 760
118198 1405 760
118199 1402.5 762.5
118200 1400 765
118201 1400 765
118202 1400 765
118203 1400 765
118204 1400 765
118205 1397.5 767.5
118206 1395 770
118207 1395 770
118208 1395 770
118209 1395 770
118210 1395 770
118211 1395 770
118212 1395 770
118213 1395 770
118214 1392.5 772.5
118215 1390 775
118216 1390 775
118217 1390 775
118218 1390 775
118219 1390 775
118220 1390 775
118221 1390 775
118222 1387.5 777.5
118223 1385 780
118224 1385 780
118225 1385 780
118226 1385 780
118227 1385 780
118228 1385 780
118229 1385 780
118230 1385 780
118231 1382.5 782.5
118232 1380 785
118233 1380 785
118234 1380 785
118235 1380 785
118236 1380 785
118237 1380 785
118238 1380 785
118239 1377.5 787.5
118240 1375 790
118241 1375 790
118242 1375 790
118243 1375 790
118244 1375 790
118245 1375 790
118246 1375 790
118247 1373.33333333333 791.666666666667
118248 1371.66666666667 793.333333333333
118249 1370 795
118250 1370 795
118251 1370 795
118252 1370 795
118253 1370 795
118254 1370 795
118255 1370 795
118256 1370 795
118257 1370 795
118258 1370 795
118259 1370 795
118260 1367.5 795
118261 1365 795
118262 1365 795
118263 1365 795
118264 1365 795
118265 1365 795
118266 1365 795
118267 1365 795
118268 1365 795
118269 1362.5 795
118270 1360 795
118271 1360 795
118272 1360 795
118273 1360 795
118274 1360 795
118275 1360 795
118276 1360 795
118277 1360 795
118278 1360 795
118279 1360 795
118280 1360 795
118281 1360 795
118282 1360 795
118283 1360 795
118284 1360 795
118285 1360 795
118286 1360 795
118287 1360 795
118288 1357.5 795
118289 1355 795
118290 1355 795
118291 1355 795
118292 1355 795
118293 1355 795
118294 1355 795
118295 1355 795
118296 1355 795
118297 1355 795
118298 1355 795
118299 1355 795
118300 1353.33333333333 795
118301 1351.66666666667 795
118302 1350 795
118303 1350 795
118304 1350 795
118305 1350 795
118306 1350 795
118307 1350 795
118308 1350 795
118309 1347.5 795
118310 1345 795
118311 1345 795
118312 1345 795
118313 1345 795
118314 1345 795
118315 1345 795
118316 1345 795
118317 1345 795
118318 1345 795
118319 1345 795
118320 1345 795
118321 1345 795
118322 1342.5 795
118323 1340 795
118324 1340 795
118325 1340 795
118326 1340 795
118327 1340 795
118328 1337.5 795
118329 1335 795
118330 1335 795
118331 1335 795
118332 1335 795
118333 1335 795
118334 1335 795
118335 1335 795
118336 1335 795
118337 1332.5 795
118338 1330 795
118339 1330 795
118340 1330 795
118341 1330 795
118342 1330 795
118343 1330 795
118344 1330 795
118345 1327.5 795
118346 1325 795
118347 1325 795
118348 1325 795
118349 1325 795
118350 1325 795
118351 1325 795
118352 1325 795
118353 1325 795
118354 1322.5 795
118355 1320 795
118356 1320 795
118357 1320 795
118358 1320 795
118359 1320 795
118360 1320 795
118361 1320 795
118362 1315 795
118363 1310 795
118364 1310 795
118365 1310 795
118366 1310 795
118367 1310 795
118368 1310 795
118369 1310 795
118370 1310 795
118371 1310 795
118372 1310 795
118373 1310 795
118374 1310 795
118375 1310 795
118376 1310 795
118377 1310 795
118378 1310 795
118379 1310 795
118380 1310 795
118381 1310 795
118382 1310 795
118383 1310 795
118384 1310 795
118385 1310 795
118386 1310 795
118387 1310 795
118388 1310 795
118389 1310 795
118390 1307.5 792.5
118391 1305 790
118392 1305 790
118393 1305 790
118394 1305 790
118395 1305 790
118396 1305 790
118397 1305 790
118398 1305 790
118399 1305 790
118400 1305 790
118401 1302.5 790
118402 1300 790
118403 1300 790
118404 1300 790
118405 1300 790
118406 1300 790
118407 1300 790
118408 1300 790
118409 1298.33333333333 788.333333333333
118410 1296.66666666667 786.666666666667
118411 1295 785
118412 1295 785
118413 1295 785
118414 1295 785
118415 1295 785
118416 1295 785
118417 1295 785
118418 1295 785
118419 1295 785
118420 1295 785
118421 1295 785
118422 1295 785
118423 1295 785
118424 1295 785
118425 1295 785
118426 1295 785
118427 1292.5 785
118428 1290 785
118429 1290 785
118430 1290 785
118431 1290 785
118432 1290 785
118433 1290 785
118434 1290 785
118435 1290 785
118436 1290 785
118437 1290 785
118438 1290 785
118439 1290 785
118440 1290 785
118441 1290 785
118442 1290 785
118443 1290 785
118444 1290 785
118445 1290 785
118446 1285 782.5
118447 1280 780
118448 1280 780
118449 1280 780
118450 1280 780
118451 1280 780
118452 1280 780
118453 1280 780
118454 1280 780
118455 1280 780
118456 1280 780
118457 1280 780
118458 1280 780
118459 1280 780
118460 1280 780
118461 1280 780
118462 1280 780
118463 1280 780
118464 1280 780
118465 1280 780
118466 1280 780
118467 1280 780
118468 1280 780
118469 1280 780
118470 1280 780
118471 1280 780
118472 1280 777.5
118473 1280 775
118474 1280 775
118475 1280 775
118476 1280 775
118477 1280 775
118478 1280 775
118479 1280 775
118480 1280 775
118481 1280 775
118482 1280 775
118483 1280 775
118484 1280 775
118485 1280 772.5
118486 1280 770
118487 1280 770
118488 1280 770
118489 1280 770
118490 1280 770
118491 1280 770
118492 1280 770
118493 1280 766.666666666667
118494 1280 763.333333333333
118495 1280 760
118496 1280 760
118497 1280 760
118498 1280 760
118499 1280 760
118500 1295 750
118501 1310 740
118502 1310 740
118503 1310 740
118504 1310 740
118505 1310 740
118506 1310 740
118507 1310 740
118508 1310 740
118509 1325 730
118510 1340 720
118511 1340 720
118512 1340 720
118513 1340 720
118514 1340 720
118515 1340 720
118516 1340 720
118517 1350 705
118518 1360 690
118519 1360 690
118520 1360 690
118521 1360 690
118522 1360 690
118523 1360 690
118524 1360 690
118525 1360 690
118526 1380 680
118527 1400 670
118528 1400 670
118529 1400 670
118530 1400 670
118531 1400 670
118532 1400 670
118533 1400 670
118534 1403.33333333333 668.333333333333
118535 1406.66666666667 666.666666666667
118536 1410 665
118537 1410 665
118538 1410 665
118539 1410 665
118540 1410 665
118541 1410 665
118542 1410 665
118543 1415 662.5
118544 1420 660
118545 1420 660
118546 1420 660
118547 1420 660
118548 1420 660
118549 1420 660
118550 1420 660
118551 1421.66666666667 658.333333333333
118552 1423.33333333333 656.666666666667
118553 1425 655
118554 1425 655
118555 1425 655
118556 1425 655
118557 1425 655
118558 1425 655
118559 1425 655
118560 1430 655
118561 1435 655
118562 1435 655
118563 1435 655
118564 1435 655
118565 1435 655
118566 1435 655
118567 1435 655
118568 1438.33333333333 653.333333333333
118569 1441.66666666667 651.666666666667
118570 1445 650
118571 1445 650
118572 1445 650
118573 1445 650
118574 1445 650
118575 1445 650
118576 1445 650
118577 1447.5 650
118578 1450 650
118579 1450 650
118580 1450 650
118581 1450 650
118582 1450 650
118583 1450 650
118584 1450 650
118585 1452.5 650
118586 1455 650
118587 1455 650
118588 1455 650
118589 1455 650
118590 1455 650
118591 1455 650
118592 1455 650
118593 1455 650
118594 1455 650
118595 1455 650
118596 1455 650
118597 1455 650
118598 1455 650
118599 1455 650
118600 1455 650
118601 1455 650
118602 1455 650
118603 1455 650
118604 1457.5 650
118605 1460 650
118606 1460 650
118607 1460 650
118608 1460 650
118609 1460 650
118610 1460 650
118611 1460 650
118612 1460 650
118613 1460 650
118614 1460 650
118615 1460 650
118616 1460 650
118617 1460 650
118618 1460 650
118619 1460 650
118620 1460 650
118621 1460 650
118622 1460 650
118623 1460 650
118624 1460 650
118625 1460 650
118626 1460 650
118627 1462.5 650
118628 1465 650
118629 1465 650
118630 1465 650
118631 1465 650
118632 1465 650
118633 1465 650
118634 1465 650
118635 1465 650
118636 1465 650
118637 1465 650
118638 1465 650
118639 1465 650
118640 1465 650
118641 1465 650
118642 1465 650
118643 1465 650
118644 1465 650
118645 1465 650
118646 1465 650
118647 1465 650
118648 1465 650
118649 1465 650
118650 1465 650
118651 1465 650
118652 1465 650
118653 1465 650
118654 1465 651.666666666667
118655 1465 653.333333333333
118656 1465 655
118657 1465 655
118658 1465 655
118659 1465 655
118660 1465 655
118661 1465 655
118662 1465 655
118663 1465 657.5
118664 1465 660
118665 1465 660
118666 1465 660
118667 1465 660
118668 1465 660
118669 1465 660
118670 1465 660
118671 1465 662.5
118672 1465 665
118673 1465 665
118674 1465 665
118675 1465 665
118676 1465 665
118677 1465 665
118678 1465 665
118679 1465 665
118680 1465 670
118681 1465 675
118682 1465 675
118683 1465 675
118684 1465 675
118685 1465 675
118686 1465 675
118687 1465 675
118688 1465 677.5
118689 1465 680
118690 1465 680
118691 1465 680
118692 1465 680
118693 1465 680
118694 1465 680
118695 1465 680
118696 1465 682.5
118697 1465 685
118698 1465 685
118699 1465 685
118700 1465 685
118701 1465 685
118702 1465 685
118703 1465 685
118704 1465 685
118705 1465 686.666666666667
118706 1465 688.333333333333
118707 1465 690
118708 1465 690
118709 1465 690
118710 1465 690
118711 1465 690
118712 1465 690
118713 1465 695
118714 1465 700
118715 1465 700
118716 1465 700
118717 1465 700
118718 1465 700
118719 1465 700
118720 1465 700
118721 1465 701.666666666667
118722 1465 703.333333333333
118723 1465 705
118724 1465 705
118725 1465 705
118726 1465 705
118727 1465 705
118728 1465 705
118729 1465 705
118730 1465 707.5
118731 1465 710
118732 1465 710
118733 1465 710
118734 1465 710
118735 1465 710
118736 1465 710
118737 1465 710
118738 1465 710
118739 1465 715
118740 1465 720
118741 1465 720
118742 1465 720
118743 1465 720
118744 1465 720
118745 1465 720
118746 1465 720
118747 1465 723.333333333333
118748 1465 726.666666666667
118749 1465 730
118750 1465 730
118751 1465 730
118752 1465 730
118753 1465 730
118754 1465 730
118755 1465 730
118756 1465 732.5
118757 1465 735
118758 1465 735
118759 1465 735
118760 1465 735
118761 1465 735
118762 1465 735
118763 1465 735
118764 1462.5 737.5
118765 1460 740
118766 1460 740
118767 1460 740
118768 1460 740
118769 1460 740
118770 1460 740
118771 1460 740
118772 1453.33333333333 746.666666666667
118773 1446.66666666667 753.333333333333
118774 1440 760
118775 1440 760
118776 1440 760
118777 1440 760
118778 1440 760
118779 1440 760
118780 1440 760
118781 1440 760
118782 1440 760
118783 1440 760
118784 1440 760
118785 1430 770
118786 1420 780
118787 1420 780
118788 1420 780
118789 1420 780
118790 1420 780
118791 1420 780
118792 1420 780
118793 1417.5 782.5
118794 1415 785
118795 1415 785
118796 1415 785
118797 1415 785
118798 1415 785
118799 1415 785
118800 1415 785
118801 1415 785
118802 1412.5 787.5
118803 1410 790
118804 1410 790
118805 1410 790
118806 1410 790
118807 1410 790
118808 1410 790
118809 1410 790
118810 1405 790
118811 1400 790
118812 1400 790
118813 1400 790
118814 1400 790
118815 1400 790
118816 1400 790
118817 1400 790
118818 1400 790
118819 1395 792.5
118820 1390 795
118821 1390 795
118822 1390 795
118823 1390 795
118824 1390 795
118825 1390 795
118826 1390 795
118827 1387.5 795
118828 1385 795
118829 1385 795
118830 1385 795
118831 1385 795
118832 1385 795
118833 1385 795
118834 1381.66666666667 796.666666666667
118835 1378.33333333333 798.333333333333
118836 1375 800
118837 1375 800
118838 1375 800
118839 1375 800
118840 1375 800
118841 1375 800
118842 1375 800
118843 1375 800
118844 1375 800
118845 1375 800
118846 1375 800
118847 1372.5 800
118848 1370 800
118849 1370 800
118850 1370 800
118851 1370 800
118852 1370 800
118853 1370 800
118854 1370 800
118855 1370 800
118856 1365 800
118857 1360 800
118858 1360 800
118859 1360 800
118860 1360 800
118861 1360 800
118862 1360 800
118863 1360 800
118864 1360 800
118865 1360 800
118866 1357.5 800
118867 1355 800
118868 1355 800
118869 1355 800
118870 1355 800
118871 1355 800
118872 1355 800
118873 1355 800
118874 1355 800
118875 1350 800
118876 1345 800
118877 1345 800
118878 1345 800
118879 1345 800
118880 1345 800
118881 1345 800
118882 1345 800
118883 1345 800
118884 1345 800
118885 1345 800
118886 1345 800
118887 1343.33333333333 800
118888 1341.66666666667 800
118889 1340 800
118890 1340 800
118891 1340 800
118892 1340 800
118893 1340 800
118894 1340 800
118895 1340 800
118896 1337.5 800
118897 1335 800
118898 1335 800
118899 1335 800
118900 1335 800
118901 1335 800
118902 1335 800
118903 1335 800
118904 1331.66666666667 800
118905 1328.33333333333 800
118906 1325 800
118907 1325 800
118908 1325 800
118909 1325 800
118910 1325 800
118911 1325 800
118912 1325 800
118913 1325 800
118914 1325 800
118915 1325 800
118916 1325 800
118917 1325 800
118918 1325 800
118919 1321.66666666667 798.333333333333
118920 1318.33333333333 796.666666666667
118921 1315 795
118922 1315 795
118923 1315 795
118924 1315 795
118925 1315 795
118926 1315 795
118927 1315 795
118928 1315 795
118929 1315 795
118930 1315 795
118931 1315 795
118932 1315 795
118933 1315 795
118934 1315 795
118935 1315 795
118936 1315 795
118937 1315 795
118938 1315 795
118939 1315 795
118940 1315 795
118941 1315 795
118942 1315 795
118943 1312.5 795
118944 1310 795
118945 1310 795
118946 1310 795
118947 1310 795
118948 1310 795
118949 1310 795
118950 1310 795
118951 1308.33333333333 795
118952 1306.66666666667 795
118953 1305 795
118954 1305 795
118955 1305 795
118956 1305 795
118957 1305 795
118958 1305 795
118959 1305 795
118960 1302.5 795
118961 1300 795
118962 1300 795
118963 1300 795
118964 1300 795
118965 1300 795
118966 1300 795
118967 1300 795
118968 1300 795
118969 1300 795
118970 1300 795
118971 1300 795
118972 1300 795
118973 1300 795
118974 1300 795
118975 1297.5 792.5
118976 1295 790
118977 1295 790
118978 1295 790
118979 1295 790
118980 1295 790
118981 1295 790
118982 1295 790
118983 1295 790
118984 1295 790
118985 1295 790
118986 1295 790
118987 1295 790
118988 1295 790
118989 1295 790
118990 1295 790
118991 1295 790
118992 1295 790
118993 1295 790
118994 1295 790
118995 1295 790
118996 1295 790
118997 1295 790
118998 1295 790
118999 1290 787.5
119000 1285 785
119001 1285 785
119002 1285 785
119003 1285 785
119004 1285 785
119005 1285 785
119006 1285 785
119007 1285 785
119008 1285 785
119009 1285 785
119010 1285 785
119011 1285 785
119012 1285 785
119013 1285 785
119014 1285 785
119015 1285 785
119016 1285 785
119017 1285 785
119018 1282.5 782.5
119019 1280 780
119020 1280 780
119021 1280 780
119022 1280 780
119023 1280 780
119024 1280 780
119025 1280 780
119026 1280 780
119027 1280 780
119028 1280 780
119029 1280 780
119030 1280 780
119031 1280 780
119032 1280 780
119033 1280 780
119034 1280 780
119035 1280 780
119036 1280 780
119037 1280 780
119038 1280 780
119039 1280 780
119040 1280 780
119041 1280 780
119042 1280 780
119043 1280 780
119044 1280 780
119045 1280 780
119046 1277.5 777.5
119047 1275 775
119048 1275 775
119049 1275 775
119050 1275 775
119051 1275 775
119052 1275 775
119053 1272.5 772.5
119054 1270 770
119055 1270 770
119056 1270 770
119057 1270 770
119058 1270 770
119059 1270 770
119060 1270 770
119061 1270 770
119062 1270 770
119063 1270 770
119064 1270 770
119065 1270 770
119066 1267.5 767.5
119067 1265 765
119068 1265 765
119069 1265 765
119070 1265 765
119071 1265 765
119072 1265 765
119073 1265 765
119074 1265 765
119075 1265 765
119076 1265 765
119077 1265 765
119078 1265 765
119079 1265 765
119080 1265 765
119081 1265 765
119082 1265 765
119083 1265 765
119084 1265 765
119085 1262.5 762.5
119086 1260 760
119087 1260 760
119088 1260 760
119089 1260 760
119090 1260 760
119091 1260 760
119092 1260 760
119093 1260 760
119094 1260 760
119095 1260 760
119096 1260 760
119097 1260 760
119098 1257.5 757.5
119099 1255 755
119100 1255 755
119101 1255 755
119102 1255 755
119103 1255 755
119104 1255 755
119105 1255 755
119106 1255 755
119107 1255 755
119108 1255 755
119109 1255 755
119110 1255 755
119111 1255 755
119112 1255 755
119113 1255 755
119114 1255 755
119115 1255 755
119116 1255 755
119117 1255 755
119118 1255 752.5
119119 1255 750
119120 1255 750
119121 1255 750
119122 1255 750
119123 1255 750
119124 1255 745
119125 1255 740
119126 1255 740
119127 1255 740
119128 1255 740
119129 1255 740
119130 1255 740
119131 1255 740
119132 1255 740
119133 1265 730
119134 1275 720
119135 1275 720
119136 1275 720
119137 1275 720
119138 1275 720
119139 1275 720
119140 1275 720
119141 1275 720
119142 1277.5 717.5
119143 1280 715
119144 1280 715
119145 1280 715
119146 1280 715
119147 1280 715
119148 1280 715
119149 1280 715
119150 1290 705
119151 1300 695
119152 1300 695
119153 1300 695
119154 1300 695
119155 1300 695
119156 1300 695
119157 1300 695
119158 1300 695
119159 1305 692.5
119160 1310 690
119161 1310 690
119162 1310 690
119163 1310 690
119164 1310 690
119165 1310 690
119166 1310 690
119167 1310 690
119168 1312.5 687.5
119169 1315 685
119170 1315 685
119171 1315 685
119172 1315 685
119173 1315 685
119174 1315 685
119175 1315 685
119176 1318.33333333333 685
119177 1321.66666666667 685
119178 1325 685
119179 1325 685
119180 1325 685
119181 1325 685
119182 1325 685
119183 1327.5 685
119184 1330 685
119185 1330 685
119186 1330 685
119187 1330 685
119188 1330 685
119189 1330 685
119190 1330 685
119191 1330 685
119192 1335 685
119193 1340 685
119194 1340 685
119195 1340 685
119196 1340 685
119197 1340 685
119198 1340 685
119199 1340 685
119200 1345 685
119201 1350 685
119202 1355 685
119203 1355 685
119204 1355 685
119205 1355 685
119206 1355 685
119207 1355 685
119208 1355 685
119209 1357.5 685
119210 1360 685
119211 1360 685
119212 1360 685
119213 1360 685
119214 1360 685
119215 1360 685
119216 1360 685
119217 1360 685
119218 1365 685
119219 1370 685
119220 1370 685
119221 1370 685
119222 1370 685
119223 1370 685
119224 1370 685
119225 1370 685
119226 1372.5 685
119227 1375 685
119228 1375 685
119229 1375 685
119230 1375 685
119231 1375 685
119232 1375 685
119233 1375 685
119234 1375 685
119235 1377.5 685
119236 1380 685
119237 1380 685
119238 1380 685
119239 1380 685
119240 1380 685
119241 1380 685
119242 1380 685
119243 1383.33333333333 685
119244 1386.66666666667 685
119245 1390 685
119246 1390 685
119247 1390 685
119248 1390 685
119249 1390 685
119250 1390 685
119251 1390 685
119252 1390 685
