85672 -2050 -1225
85673 -2050 -1225
85674 -2050 -1225
85675 -2050 -1225
85676 -2050 -1225
85677 -2050 -1225
85678 -2050 -1225
85679 -2050 -1225
85680 -2050 -1225
85681 -2050 -1225
85682 -2050 -1225
85683 -2050 -1225
85684 -2050 -1225
85685 -2050 -1225
85686 -2050 -1225
85687 -2050 -1225
85688 -2050 -1225
85689 -2050 -1225
85690 -2050 -1225
85691 -2050 -1225
85692 -2050 -1225
85693 -2050 -1225
85694 -2050 -1225
85695 -2050 -1225
85696 -2050 -1225
85697 -2050 -1225
85698 -2050 -1225
85699 -2050 -1225
85700 -2050 -1225
85701 -2050 -1225
85702 -2050 -1225
85703 -2050 -1225
85704 -2050 -1225
85705 -2050 -1225
85706 -2050 -1225
85707 -2050 -1225
85708 -2050 -1225
85709 -2050 -1225
85710 -2050 -1225
85711 -2050 -1225
85712 -2050 -1225
85713 -2050 -1225
85714 -2050 -1225
85715 -2050 -1225
85716 -2050 -1225
85717 -2050 -1225
85718 -2050 -1225
85719 -2050 -1225
85720 -2050 -1225
85721 -2050 -1225
85722 -2050 -1225
85723 -2050 -1225
85724 -2050 -1225
85725 -2050 -1225
85726 -2050 -1225
85727 -2050 -1225
85728 -2050 -1225
85729 -2050 -1225
85730 -2050 -1225
85731 -2050 -1225
85732 -2050 -1225
85733 -2050 -1225
85734 -2050 -1225
85735 -2050 -1225
85736 -2050 -1225
85737 -2050 -1225
85738 -2050 -1225
85739 -2050 -1225
85740 -2050 -1225
85741 -2050 -1225
85742 -2050 -1225
85743 -2050 -1225
85744 -2050 -1225
85745 -2050 -1225
85746 -2050 -1225
85747 -2050 -1225
85748 -2050 -1225
85749 -2050 -1225
85750 -2050 -1225
85751 -2050 -1225
85752 -2050 -1225
85753 -2050 -1225
85754 -2050 -1225
85755 -2050 -1225
85756 -2050 -1225
85757 -2050 -1225
85758 -2050 -1225
85759 -2050 -1225
85760 -2050 -1225
85761 -2050 -1225
85762 -2050 -1225
85763 -2050 -1225
85764 -2050 -1225
85765 -2050 -1225
85766 -2050 -1225
85767 -2050 -1225
85768 -2050 -1225
85769 -2050 -1225
85770 -2050 -1225
85771 -2050 -1225
85772 -2050 -1225
85773 -2050 -1225
85774 -2050 -1225
85775 -2050 -1225
85776 -2050 -1225
85777 -2050 -1225
85778 -2050 -1225
85779 -2050 -1225
85780 -2050 -1225
85781 -2050 -1225
85782 -2050 -1225
85783 -2050 -1225
85784 -2050 -1225
85785 -2050 -1225
85786 -2050 -1225
85787 -2050 -1225
85788 -2050 -1225
85789 -2050 -1225
85790 -2050 -1225
85791 -2050 -1225
85792 -2050 -1225
85793 -2050 -1225
85794 -2050 -1225
85795 -2050 -1225
85796 -2050 -1225
85797 -2050 -1225
85798 -2050 -1225
85799 -2050 -1225
85800 -2050 -1225
85801 -2050 -1225
85802 -2050 -1225
85803 -2050 -1225
85804 -2050 -1225
85805 -2050 -1225
85806 -2050 -1225
85807 -2050 -1225
85808 -2050 -1225
85809 -2050 -1225
85810 -2050 -1225
85811 -2050 -1225
85812 -2050 -1225
85813 -2050 -1225
85814 -2050 -1225
85815 -2050 -1225
85816 -2050 -1225
85817 -2050 -1225
85818 -2050 -1225
85819 -2050 -1225
85820 -2050 -1225
85821 -2050 -1225
85822 -2050 -1225
85823 -2050 -1225
85824 -2050 -1225
85825 -2050 -1225
85826 -2050 -1225
85827 -2050 -1225
85828 -2050 -1225
85829 -2050 -1225
85830 -2050 -1225
85831 -2050 -1225
85832 -2050 -1225
85833 -2050 -1225
85834 -2050 -1225
85835 -2050 -1225
85836 -2050 -1225
85837 -2050 -1225
85838 -2050 -1225
85839 -2050 -1225
85840 -2050 -1225
85841 -2050 -1225
85842 -2050 -1225
85843 -2050 -1225
85844 -2050 -1225
85845 -2050 -1225
85846 -2050 -1225
85847 -2050 -1225
85848 -2050 -1225
85849 -2050 -1225
85850 -2050 -1225
85851 -2050 -1225
85852 -2050 -1225
85853 -2050 -1225
85854 -2050 -1225
85855 -2050 -1225
85856 -2050 -1225
85857 -2050 -1225
85858 -2050 -1225
85859 -2050 -1225
85860 -2050 -1225
85861 -2050 -1225
85862 -2050 -1225
85863 -2050 -1225
85864 -2050 -1225
85865 -2050 -1225
85866 -2050 -1225
85867 -2050 -1225
85868 -2050 -1225
85869 -2050 -1225
85870 -2050 -1225
85871 -2050 -1225
85872 -2050 -1225
85873 -2050 -1225
85874 -2050 -1225
85875 -2050 -1225
85876 -2050 -1225
85877 -2050 -1225
85878 -2050 -1225
85879 -2050 -1225
85880 -2050 -1225
85881 -2050 -1225
85882 -2050 -1225
85883 -2050 -1225
85884 -2050 -1225
85885 -2050 -1225
85886 -2050 -1225
85887 -2050 -1225
85888 -2050 -1225
85889 -2050 -1225
85890 -2050 -1225
85891 -2050 -1225
85892 -2050 -1225
85893 -2050 -1225
85894 -2050 -1225
85895 -2050 -1225
85896 -2050 -1225
85897 -2050 -1225
85898 -2050 -1225
85899 -2050 -1225
85900 -2050 -1225
85901 -2050 -1225
85902 -2050 -1225
85903 -2050 -1225
85904 -2050 -1225
85905 -2050 -1225
85906 -2050 -1225
85907 -2050 -1225
85908 -2050 -1225
85909 -2050 -1225
85910 -2050 -1225
85911 -2050 -1225
85912 -2050 -1225
85913 -2050 -1225
85914 -2050 -1225
85915 -2050 -1225
85916 -2050 -1225
85917 -2050 -1225
85918 -2050 -1225
85919 -2050 -1225
85920 -2050 -1225
85921 -2050 -1225
85922 -2050 -1225
85923 -2050 -1225
85924 -2050 -1225
85925 -2050 -1225
85926 -2050 -1225
85927 -2050 -1225
85928 -2050 -1225
85929 -2050 -1225
85930 -2050 -1225
85931 -2050 -1225
85932 -2050 -1225
85933 -2050 -1225
85934 -2050 -1225
85935 -2050 -1225
85936 -2050 -1225
85937 -2050 -1225
85938 -2050 -1225
85939 -2050 -1225
85940 -2050 -1225
85941 -2050 -1225
85942 -2050 -1225
85943 -2050 -1225
85944 -2050 -1225
85945 -2050 -1225
85946 -2050 -1225
85947 -2050 -1225
85948 -2050 -1225
85949 -2050 -1225
85950 -2050 -1225
85951 -2050 -1225
85952 -2050 -1225
85953 -2050 -1225
85954 -2050 -1225
85955 -2050 -1225
85956 -2050 -1225
85957 -2050 -1225
85958 -2050 -1225
85959 -2050 -1225
85960 -2050 -1225
85961 -2050 -1225
85962 -2050 -1225
85963 -2050 -1225
85964 -2050 -1225
85965 -2050 -1225
85966 -2050 -1225
85967 -2050 -1225
85968 -2050 -1225
85969 -2050 -1225
85970 -2050 -1225
85971 -2050 -1225
85972 -2050 -1225
85973 -2050 -1225
85974 -2050 -1225
85975 -2050 -1225
85976 -2050 -1225
85977 -2050 -1225
85978 -2050 -1225
85979 -2050 -1225
85980 -2050 -1225
85981 -2050 -1225
85982 -2050 -1225
85983 -2050 -1225
85984 -2050 -1225
85985 -2050 -1225
85986 -2050 -1225
85987 -2050 -1225
85988 -2050 -1225
85989 -2050 -1225
85990 -2050 -1225
85991 -2050 -1225
85992 -2050 -1225
85993 -2050 -1225
85994 -2050 -1225
85995 -2050 -1225
85996 -2050 -1225
85997 -2050 -1225
85998 -2050 -1225
85999 -2050 -1225
86000 -2050 -1225
86001 -2050 -1225
86002 -2050 -1225
86003 -2050 -1225
86004 -2050 -1225
86005 -2050 -1225
86006 -2050 -1225
86007 -2050 -1225
86008 -2050 -1225
86009 -2050 -1225
86010 -2050 -1225
86011 -2050 -1225
86012 -2050 -1225
86013 -2050 -1225
86014 -2050 -1225
86015 -2050 -1225
86016 -2050 -1225
86017 -2050 -1225
86018 -2050 -1225
86019 -2050 -1225
86020 -2050 -1225
86021 -2050 -1225
86022 -2050 -1225
86023 -2050 -1225
86024 -2050 -1225
86025 -2050 -1225
86026 -2050 -1225
86027 -2050 -1225
86028 -2050 -1225
86029 -2050 -1225
86030 -2050 -1225
86031 -2050 -1225
86032 -2050 -1225
86033 -2050 -1225
86034 -2050 -1225
86035 -2050 -1225
86036 -2050 -1225
86037 -2050 -1225
86038 -2050 -1225
86039 -2050 -1225
86040 -2050 -1225
86041 -2050 -1225
86042 -2050 -1225
86043 -2050 -1225
86044 -2050 -1225
86045 -2050 -1225
86046 -2050 -1225
86047 -2050 -1225
86048 -2050 -1225
86049 -2050 -1225
86050 -2050 -1225
86051 -2050 -1225
86052 -2050 -1225
86053 -2050 -1225
86054 -2050 -1225
86055 -2050 -1225
86056 -2050 -1225
86057 -2050 -1225
86058 -2050 -1225
86059 -2050 -1225
86060 -2050 -1225
86061 -2050 -1225
86062 -2050 -1225
86063 -2050 -1225
86064 -2050 -1225
86065 -2050 -1225
86066 -2050 -1225
86067 -2050 -1225
86068 -2050 -1225
86069 -2050 -1225
86070 -2050 -1225
86071 -2050 -1225
86072 -2050 -1225
86073 -2050 -1225
86074 -2050 -1225
86075 -2050 -1225
86076 -2050 -1225
86077 -2050 -1225
86078 -2050 -1225
86079 -2050 -1225
86080 -2050 -1225
86081 -2050 -1225
86082 -2050 -1225
86083 -2050 -1225
86084 -2050 -1225
86085 -2050 -1225
86086 -2050 -1225
86087 -2050 -1225
86088 -2050 -1225
86089 -2050 -1225
86090 -2050 -1225
86091 -2050 -1225
86092 -2050 -1225
86093 -2050 -1225
86094 -2050 -1225
86095 -2050 -1225
86096 -2050 -1225
86097 -2050 -1225
86098 -2050 -1225
86099 -2050 -1225
86100 -2050 -1225
86101 -2050 -1225
86102 -2050 -1225
86103 -2050 -1225
86104 -2050 -1225
86105 -2050 -1225
86106 -2050 -1225
86107 -2050 -1225
86108 -2050 -1225
86109 -2050 -1225
86110 -2050 -1225
86111 -2050 -1225
86112 -2050 -1225
86113 -2050 -1225
86114 -2050 -1225
86115 -2050 -1225
86116 -2050 -1225
86117 -2050 -1225
86118 -2050 -1225
86119 -2050 -1225
86120 -2050 -1225
86121 -2050 -1225
86122 -2050 -1225
86123 -2050 -1225
86124 -2050 -1225
86125 -2050 -1225
86126 -2050 -1225
86127 -2050 -1225
86128 -2050 -1225
86129 -2050 -1225
86130 -2050 -1225
86131 -2050 -1225
86132 -2050 -1225
86133 -2050 -1225
86134 -2050 -1225
86135 -2050 -1225
86136 -2050 -1225
86137 -2050 -1225
86138 -2050 -1225
86139 -2050 -1225
86140 -2050 -1225
86141 -2050 -1225
86142 -2050 -1225
86143 -2050 -1225
86144 -2050 -1225
86145 -2050 -1225
86146 -2050 -1225
86147 -2050 -1225
86148 -2050 -1225
86149 -2050 -1225
86150 -2050 -1225
86151 -2050 -1225
86152 -2050 -1225
86153 -2050 -1225
86154 -2050 -1225
86155 -2050 -1225
86156 -2050 -1225
86157 -2050 -1225
86158 -2050 -1225
86159 -2050 -1225
86160 -2050 -1225
86161 -2050 -1225
86162 -2050 -1225
86163 -2050 -1225
86164 -2050 -1225
86165 -2050 -1225
86166 -2050 -1225
86167 -2050 -1225
86168 -2050 -1225
86169 -2050 -1225
86170 -2050 -1225
86171 -2050 -1225
86172 -2050 -1225
86173 -2050 -1225
86174 -2050 -1225
86175 -2050 -1225
86176 -2050 -1225
86177 -2050 -1225
86178 -2050 -1225
86179 -2050 -1225
86180 -2050 -1225
86181 -2050 -1225
86182 -2050 -1225
86183 -2050 -1225
86184 -2050 -1225
86185 -2050 -1225
86186 -2050 -1225
86187 -2050 -1225
86188 -2050 -1225
86189 -2050 -1225
86190 -2050 -1225
86191 -2050 -1225
86192 -2050 -1225
86193 -2050 -1225
86194 -2050 -1225
86195 -2050 -1225
86196 -2050 -1225
86197 -2050 -1225
86198 -2050 -1225
86199 -2050 -1225
86200 -2050 -1225
86201 -2050 -1225
86202 -2050 -1225
86203 -2050 -1225
86204 -2050 -1225
86205 -2050 -1225
86206 -2050 -1225
86207 -2050 -1225
86208 -2050 -1225
86209 -2050 -1225
86210 -2050 -1225
86211 -2050 -1225
86212 -2050 -1225
86213 -2050 -1225
86214 -2050 -1225
86215 -2050 -1225
86216 -2050 -1225
86217 -2050 -1225
86218 -2050 -1225
86219 -2050 -1225
86220 -2050 -1225
86221 -2050 -1225
86222 -2050 -1225
86223 -2050 -1225
86224 -2050 -1225
86225 -2050 -1225
86226 -2050 -1225
86227 -2050 -1225
86228 -2050 -1225
86229 -2050 -1225
86230 -2050 -1225
86231 -2050 -1225
86232 -2050 -1225
86233 -2050 -1225
86234 -2050 -1225
86235 -2050 -1225
86236 -2050 -1225
86237 -2050 -1225
86238 -2050 -1225
86239 -2050 -1225
86240 -2050 -1225
86241 -2050 -1225
86242 -2050 -1225
86243 -2050 -1225
86244 -2050 -1225
86245 -2050 -1225
86246 -2050 -1225
86247 -2050 -1225
86248 -2050 -1225
86249 -2050 -1225
86250 -2050 -1225
86251 -2050 -1225
86252 -2050 -1225
86253 -2050 -1225
86254 -2050 -1225
86255 -2050 -1225
86256 -2050 -1225
86257 -2050 -1225
86258 -2050 -1225
86259 -2050 -1225
86260 -2050 -1225
86261 -2050 -1225
86262 -2050 -1225
86263 -2050 -1225
86264 -2050 -1225
86265 -2050 -1225
86266 -2050 -1225
86267 -2050 -1225
86268 -2050 -1225
86269 -2050 -1225
86270 -2050 -1225
86271 -2050 -1225
86272 -2050 -1225
86273 -2050 -1225
86274 -2050 -1225
86275 -2050 -1225
86276 -2050 -1225
86277 -2050 -1225
86278 -2050 -1225
86279 -2050 -1225
86280 -2050 -1225
86281 -2050 -1225
86282 -2050 -1225
86283 -2050 -1225
86284 -2050 -1225
86285 -2050 -1225
86286 -2050 -1225
86287 -2050 -1225
86288 -2050 -1225
86289 -2050 -1225
86290 -2050 -1225
86291 -2050 -1225
86292 -2050 -1225
86293 -2050 -1225
86294 -2050 -1225
86295 -2050 -1225
86296 -2050 -1225
86297 -2050 -1225
86298 -2050 -1225
86299 -2050 -1225
86300 -2050 -1225
86301 -2050 -1225
86302 -2050 -1225
86303 -2050 -1225
86304 -2050 -1225
86305 -2050 -1225
86306 -2050 -1225
86307 -2050 -1225
86308 -2050 -1225
86309 -2050 -1225
86310 -2050 -1225
86311 -2050 -1225
86312 -2050 -1225
86313 -2050 -1225
86314 -2050 -1225
86315 -2050 -1225
86316 -2050 -1225
86317 -2050 -1225
86318 -2050 -1225
86319 -2050 -1225
86320 -2050 -1225
86321 -2050 -1225
86322 -2050 -1225
86323 -2050 -1225
86324 -2050 -1225
86325 -2050 -1225
86326 -2050 -1225
86327 -2050 -1225
86328 -2050 -1225
86329 -2050 -1225
86330 -2050 -1225
86331 -2050 -1225
86332 -2050 -1225
86333 -2050 -1225
86334 -2050 -1225
86335 -2050 -1225
86336 -2050 -1225
86337 -2050 -1225
86338 -2050 -1225
86339 -2050 -1225
86340 -2050 -1225
86341 -2050 -1225
86342 -2050 -1225
86343 -2050 -1225
86344 -2050 -1225
86345 -2050 -1225
86346 -2050 -1225
86347 -2050 -1225
86348 -2050 -1225
86349 -2050 -1225
86350 -2050 -1225
86351 -2050 -1225
86352 -2050 -1225
86353 -2050 -1225
86354 -2050 -1225
86355 -2050 -1225
86356 -2050 -1225
86357 -2050 -1225
86358 -2050 -1225
86359 -2050 -1225
86360 -2050 -1225
86361 -2050 -1225
86362 -2050 -1225
86363 -2050 -1225
86364 -2050 -1225
86365 -2050 -1225
86366 -2050 -1225
86367 -2050 -1225
86368 -2050 -1225
86369 -2050 -1225
86370 -2050 -1225
86371 -2050 -1225
86372 -2050 -1225
86373 -2050 -1225
86374 -2050 -1225
86375 -2050 -1225
86376 -2050 -1225
86377 -2050 -1225
86378 -2050 -1225
86379 -2050 -1225
86380 -2050 -1225
86381 -2050 -1225
86382 -2050 -1225
86383 -2050 -1225
86384 -2050 -1225
86385 -2050 -1225
86386 -2050 -1225
86387 -2050 -1225
86388 -2050 -1225
86389 -2050 -1225
86390 -2050 -1225
86391 -2050 -1225
86392 -2050 -1225
86393 -2050 -1225
86394 -2050 -1225
86395 -2050 -1225
86396 -2050 -1225
86397 -2050 -1225
86398 -2050 -1225
86399 -2050 -1225
86400 -2050 -1225
86401 -2050 -1225
86402 -2050 -1225
86403 -2050 -1225
86404 -2050 -1225
86405 -2050 -1225
86406 -2050 -1225
86407 -2050 -1225
86408 -2050 -1225
86409 -2050 -1225
86410 -2050 -1225
86411 -2050 -1225
86412 -2050 -1225
86413 -2050 -1225
86414 -2050 -1225
86415 -2050 -1225
86416 -2050 -1225
86417 -2050 -1225
86418 -2050 -1225
86419 -2050 -1225
86420 -2050 -1225
86421 -2050 -1225
86422 -2050 -1225
86423 -2050 -1225
86424 -2050 -1225
86425 -2050 -1225
86426 -2050 -1225
86427 -2050 -1225
86428 -2050 -1225
86429 -2050 -1225
86430 -2050 -1225
86431 -2050 -1225
86432 -2050 -1225
86433 -2050 -1225
86434 -2050 -1225
86435 -2050 -1225
86436 -2050 -1225
86437 -2050 -1225
86438 -2050 -1225
86439 -2050 -1225
86440 -2050 -1225
86441 -2050 -1225
86442 -2050 -1225
86443 -2050 -1225
86444 -2050 -1225
86445 -2050 -1225
86446 -2050 -1225
86447 -2050 -1225
86448 -2050 -1225
86449 -2050 -1225
86450 -2050 -1225
86451 -2050 -1225
86452 -2050 -1225
86453 -2050 -1225
86454 -2050 -1225
86455 -2050 -1225
86456 -2050 -1225
86457 -2050 -1225
86458 -2050 -1225
86459 -2050 -1225
86460 -2050 -1225
86461 -2050 -1225
86462 -2050 -1225
86463 -2050 -1225
86464 -2050 -1225
86465 -2050 -1225
86466 -2050 -1225
86467 -2050 -1225
86468 -2050 -1225
86469 -2050 -1225
86470 -2050 -1225
86471 -2050 -1225
86472 -2050 -1225
86473 -2050 -1225
86474 -2050 -1225
86475 -2050 -1225
86476 -2050 -1225
86477 -2050 -1225
86478 -2050 -1225
86479 -2050 -1225
86480 -2050 -1225
86481 -2050 -1225
86482 -2050 -1225
86483 -2050 -1225
86484 -2050 -1225
86485 -2050 -1225
86486 -2050 -1225
86487 -2050 -1225
86488 -2050 -1225
86489 -2050 -1225
86490 -2050 -1225
86491 -2050 -1225
86492 -2050 -1225
86493 -2050 -1225
86494 -2050 -1225
86495 -2050 -1225
86496 -2050 -1225
86497 -2050 -1225
86498 -2050 -1225
86499 -2050 -1225
86500 -2050 -1225
86501 -2050 -1225
86502 -2050 -1225
86503 -2050 -1225
86504 -2050 -1225
86505 -2050 -1225
86506 -2050 -1225
86507 -2050 -1225
86508 -2050 -1225
86509 -2050 -1225
86510 -2050 -1225
86511 -2050 -1225
86512 -2050 -1225
86513 -2050 -1225
86514 -2050 -1225
86515 -2050 -1225
86516 -2050 -1225
86517 -2050 -1225
86518 -2050 -1225
86519 -2050 -1225
86520 -2050 -1225
86521 -2050 -1225
86522 -2050 -1225
86523 -2050 -1225
86524 -2050 -1225
86525 -2050 -1225
86526 -2050 -1225
86527 -2050 -1225
86528 -2050 -1225
86529 -2050 -1225
86530 -2050 -1225
86531 -2050 -1225
86532 -2050 -1225
86533 -2050 -1225
86534 -2050 -1225
86535 -2050 -1225
86536 -2050 -1225
86537 -2050 -1225
86538 -2050 -1225
86539 -2050 -1225
86540 -2050 -1225
86541 -2050 -1225
86542 -2050 -1225
86543 -2050 -1225
86544 -2050 -1225
86545 -2050 -1225
86546 -2050 -1225
86547 -2050 -1225
86548 -2050 -1225
86549 -2050 -1225
86550 -2050 -1225
86551 -2050 -1225
86552 -2050 -1225
86553 -2050 -1225
86554 -2050 -1225
86555 -2050 -1225
86556 -2050 -1225
86557 -2050 -1225
86558 -2050 -1225
86559 -2050 -1225
86560 -2050 -1225
86561 -2050 -1225
86562 -2050 -1225
86563 -2050 -1225
86564 -2050 -1225
86565 -2050 -1225
86566 -2050 -1225
86567 -2050 -1225
86568 -2050 -1225
86569 -2050 -1225
86570 -2050 -1225
86571 -2050 -1225
86572 -2050 -1225
86573 -2050 -1225
86574 -2050 -1225
86575 -2050 -1225
86576 -2050 -1225
86577 -2050 -1225
86578 -2050 -1225
86579 -2050 -1225
86580 -2050 -1225
86581 -2050 -1225
86582 -2050 -1225
86583 -2050 -1225
86584 -2050 -1225
86585 -2050 -1225
86586 -2050 -1225
86587 -2050 -1225
86588 -2050 -1225
86589 -2050 -1225
86590 -2050 -1225
86591 -2050 -1225
86592 -2050 -1225
86593 -2050 -1225
86594 -2050 -1225
86595 -2050 -1225
86596 -2050 -1225
86597 -2050 -1225
86598 -2050 -1225
86599 -2050 -1225
86600 -2050 -1225
86601 -2050 -1225
86602 -2050 -1225
86603 -2050 -1225
86604 -2050 -1225
86605 -2050 -1225
86606 -2050 -1225
86607 -2050 -1225
86608 -2050 -1225
86609 -2050 -1225
86610 -2050 -1225
86611 -2050 -1225
86612 -2050 -1225
86613 -2050 -1225
86614 -2050 -1225
86615 -2050 -1225
86616 -2050 -1225
86617 -2050 -1225
86618 -2050 -1225
86619 -2050 -1225
86620 -2050 -1225
86621 -2050 -1225
86622 -2050 -1225
86623 -2050 -1225
86624 -2050 -1225
86625 -2050 -1225
86626 -2050 -1225
86627 -2050 -1225
86628 -2050 -1225
86629 -2050 -1225
86630 -2050 -1225
86631 -2050 -1225
86632 -2050 -1225
86633 -2050 -1225
86634 -2050 -1225
86635 -2050 -1225
86636 -2050 -1225
86637 -2050 -1225
86638 -2050 -1225
86639 -2050 -1225
86640 -2050 -1225
86641 -2050 -1225
86642 -2050 -1225
86643 -2050 -1225
86644 -2050 -1225
86645 -2050 -1225
86646 -2050 -1225
86647 -2050 -1225
86648 -2050 -1225
86649 -2050 -1225
86650 -2050 -1225
86651 -2050 -1225
86652 -2050 -1225
86653 -2050 -1225
86654 -2050 -1225
86655 -2050 -1225
86656 -2050 -1225
86657 -2050 -1225
86658 -2050 -1225
86659 -2050 -1225
86660 -2050 -1225
86661 -2050 -1225
86662 -2050 -1225
86663 -2050 -1225
86664 -2050 -1225
86665 -2050 -1225
86666 -2050 -1225
86667 -2050 -1225
86668 -2050 -1225
86669 -2050 -1225
86670 -2050 -1225
86671 -2050 -1225
86672 -2050 -1225
86673 -2050 -1225
86674 -2050 -1225
86675 -2050 -1225
86676 -2050 -1225
86677 -2050 -1225
86678 -2050 -1225
86679 -2050 -1225
86680 -2050 -1225
86681 -2050 -1225
86682 -2050 -1225
86683 -2050 -1225
86684 -2050 -1225
86685 -2050 -1225
86686 -2050 -1225
86687 -2050 -1225
86688 -2050 -1225
86689 -2050 -1225
86690 -2050 -1225
86691 -2050 -1225
86692 -2050 -1225
86693 -2050 -1225
86694 -2050 -1225
86695 -2050 -1225
86696 -2050 -1225
86697 -2050 -1225
86698 -2050 -1225
86699 -2050 -1225
86700 -2050 -1225
86701 -2050 -1225
86702 -2050 -1225
86703 -2050 -1225
86704 -2050 -1225
86705 -2050 -1225
86706 -2050 -1225
86707 -2050 -1225
86708 -2050 -1225
86709 -2050 -1225
86710 -2050 -1225
86711 -2050 -1225
86712 -2050 -1225
86713 -2050 -1225
86714 -2050 -1225
86715 -2050 -1225
86716 -2050 -1225
86717 -2050 -1225
86718 -2050 -1225
86719 -2050 -1225
86720 -2050 -1225
86721 -2050 -1225
86722 -2050 -1225
86723 -2050 -1225
86724 -2050 -1225
86725 -2050 -1225
86726 -2050 -1225
86727 -2050 -1225
86728 -2050 -1225
86729 -2050 -1225
86730 -2050 -1225
86731 -2050 -1225
86732 -2050 -1225
86733 -2050 -1225
86734 -2050 -1225
86735 -2050 -1225
86736 -2050 -1225
86737 -2050 -1225
86738 -2050 -1225
86739 -2050 -1225
86740 -2051.25 -1223.75
86741 -2052.5 -1222.5
86742 -2053.75 -1221.25
86743 -2055 -1220
86744 -2055 -1220
86745 -2055 -1220
86746 -2055 -1220
86747 -2055 -1220
86748 -2055 -1218.75
86749 -2055 -1217.5
86750 -2055 -1216.25
86751 -2055 -1215
86752 -2055 -1215
86753 -2055 -1215
86754 -2055 -1215
86755 -2055 -1215
86756 -2055 -1215
86757 -2055 -1213.75
86758 -2055 -1212.5
86759 -2055 -1211.25
86760 -2055 -1210
86761 -2055 -1210
86762 -2055 -1210
86763 -2055 -1210
86764 -2055 -1210
86765 -2055 -1210
86766 -2055 -1210
86767 -2055 -1210
86768 -2055 -1210
86769 -2055 -1210
86770 -2055 -1210
86771 -2055 -1210
86772 -2055 -1210
86773 -2055 -1210
86774 -2055 -1210
86775 -2055 -1210
86776 -2055 -1210
86777 -2055 -1210
86778 -2055 -1210
86779 -2055 -1210
86780 -2055 -1210
86781 -2055 -1210
86782 -2055 -1210
86783 -2055 -1210
86784 -2055 -1210
86785 -2055 -1210
86786 -2055 -1210
86787 -2055 -1210
86788 -2055 -1210
86789 -2055 -1210
86790 -2055 -1208.75
86791 -2055 -1207.5
86792 -2055 -1206.25
86793 -2055 -1205
86794 -2055 -1205
86795 -2055 -1205
86796 -2055 -1205
86797 -2055 -1205
86798 -2055 -1205
86799 -2055 -1205
86800 -2055 -1205
86801 -2055 -1205
86802 -2055 -1205
86803 -2055 -1203.75
86804 -2055 -1202.5
86805 -2055 -1201.25
86806 -2055 -1200
86807 -2055 -1200
86808 -2055 -1200
86809 -2055 -1200
86810 -2055 -1200
86811 -2055 -1199
86812 -2055 -1198
86813 -2055 -1197
86814 -2055 -1196
86815 -2055 -1195
86816 -2055 -1195
86817 -2055 -1195
86818 -2055 -1195
86819 -2055 -1195
86820 -2055 -1195
86821 -2055 -1195
86822 -2055 -1195
86823 -2055 -1195
86824 -2055 -1195
86825 -2055 -1195
86826 -2055 -1195
86827 -2055 -1195
86828 -2055 -1195
86829 -2055 -1195
86830 -2055 -1195
86831 -2055 -1195
86832 -2055 -1195
86833 -2055 -1195
86834 -2055 -1195
86835 -2055 -1195
86836 -2055 -1195
86837 -2055 -1195
86838 -2055 -1195
86839 -2055 -1195
86840 -2055 -1195
86841 -2055 -1195
86842 -2055 -1195
86843 -2055 -1195
86844 -2055 -1195
86845 -2055 -1195
86846 -2055 -1195
86847 -2055 -1195
86848 -2055 -1195
86849 -2055 -1195
86850 -2055 -1195
86851 -2055 -1195
86852 -2055 -1195
86853 -2055 -1195
86854 -2055 -1195
86855 -2055 -1195
86856 -2055 -1195
86857 -2055 -1195
86858 -2055 -1195
86859 -2055 -1195
86860 -2055 -1195
86861 -2055 -1195
86862 -2055 -1195
86863 -2055 -1195
86864 -2055 -1195
86865 -2055 -1195
86866 -2055 -1195
86867 -2055 -1195
86868 -2055 -1195
86869 -2055 -1195
86870 -2055 -1195
86871 -2055 -1195
86872 -2055 -1195
86873 -2055 -1195
86874 -2055 -1195
86875 -2055 -1195
86876 -2055 -1195
86877 -2055 -1195
86878 -2055 -1195
86879 -2055 -1195
86880 -2055 -1195
86881 -2055 -1195
86882 -2055 -1195
86883 -2055 -1195
86884 -2055 -1195
86885 -2055 -1195
86886 -2055 -1195
86887 -2053.75 -1195
86888 -2052.5 -1195
86889 -2051.25 -1195
86890 -2050 -1195
86891 -2050 -1195
86892 -2050 -1195
86893 -2050 -1195
86894 -2050 -1195
86895 -2047.5 -1196.25
86896 -2045 -1197.5
86897 -2042.5 -1198.75
86898 -2040 -1200
86899 -2040 -1200
86900 -2040 -1200
86901 -2040 -1200
86902 -2040 -1200
86903 -2040 -1200
86904 -2035 -1205
86905 -2030 -1210
86906 -2025 -1215
86907 -2020 -1220
86908 -2020 -1220
86909 -2020 -1220
86910 -2020 -1220
86911 -2020 -1220
86912 -2018.75 -1221.25
86913 -2017.5 -1222.5
86914 -2016.25 -1223.75
86915 -2015 -1225
86916 -2015 -1225
86917 -2015 -1225
86918 -2015 -1225
86919 -2015 -1225
86920 -2015 -1225
86921 -2013.75 -1227.5
86922 -2012.5 -1230
86923 -2011.25 -1232.5
86924 -2010 -1235
86925 -2010 -1235
86926 -2010 -1235
86927 -2010 -1235
86928 -2010 -1235
86929 -2008.75 -1236.25
86930 -2007.5 -1237.5
86931 -2006.25 -1238.75
86932 -2005 -1240
86933 -2005 -1240
86934 -2005 -1240
86935 -2005 -1240
86936 -2005 -1240
86937 -2004 -1241
86938 -2003 -1242
86939 -2002 -1243
86940 -2001 -1244
86941 -2000 -1245
86942 -2000 -1245
86943 -2000 -1245
86944 -2000 -1245
86945 -2000 -1245
86946 -2000 -1245
86947 -2000 -1245
86948 -2000 -1245
86949 -2000 -1245
86950 -2000 -1245
86951 -2000 -1245
86952 -2000 -1245
86953 -2000 -1245
86954 -2000 -1245
86955 -2000 -1245
86956 -2000 -1245
86957 -2000 -1245
86958 -2000 -1245
86959 -2000 -1245
86960 -2000 -1245
86961 -2000 -1245
86962 -2000 -1245
86963 -2000 -1245
86964 -2000 -1245
86965 -2000 -1245
86966 -2000 -1245
86967 -2000 -1245
86968 -2000 -1245
86969 -2000 -1245
86970 -2000 -1245
86971 -2000 -1245
86972 -2000 -1245
86973 -2000 -1245
86974 -2000 -1245
86975 -2000 -1245
86976 -2000 -1245
86977 -2000 -1245
86978 -2000 -1245
86979 -2000 -1245
86980 -2000 -1245
86981 -2000 -1245
86982 -2000 -1245
86983 -2000 -1245
86984 -2000 -1245
86985 -2000 -1245
86986 -2000 -1245
86987 -2000 -1245
86988 -2000 -1245
86989 -2000 -1245
86990 -2000 -1245
86991 -2000 -1245
86992 -2000 -1245
86993 -2000 -1245
86994 -2000 -1245
86995 -2000 -1245
86996 -2000 -1245
86997 -2000 -1245
86998 -2000 -1245
86999 -2000 -1245
87000 -2000 -1245
87001 -2000 -1245
87002 -2000 -1245
87003 -2000 -1245
87004 -2000 -1245
87005 -2000 -1245
87006 -2000 -1245
87007 -2000 -1245
87008 -2000 -1245
87009 -2000 -1245
87010 -2000 -1245
87011 -2000 -1245
87012 -2000 -1245
87013 -2000 -1245
87014 -2000 -1245
87015 -2000 -1245
87016 -2000 -1245
87017 -2000 -1245
87018 -2000 -1245
87019 -2000 -1245
87020 -2000 -1245
87021 -2000 -1245
87022 -2000 -1245
87023 -2000 -1245
87024 -2000 -1245
87025 -2000 -1245
87026 -2000 -1245
87027 -2000 -1245
87028 -2000 -1245
87029 -2000 -1245
87030 -1998.75 -1245
87031 -1997.5 -1245
87032 -1996.25 -1245
87033 -1995 -1245
87034 -1995 -1245
87035 -1995 -1245
87036 -1995 -1245
87037 -1995 -1245
87038 -1993.75 -1243.75
87039 -1992.5 -1242.5
87040 -1991.25 -1241.25
87041 -1990 -1240
87042 -1990 -1240
87043 -1990 -1240
87044 -1990 -1240
87045 -1990 -1240
87046 -1990 -1240
87047 -1988.75 -1238.75
87048 -1987.5 -1237.5
87049 -1986.25 -1236.25
87050 -1985 -1235
87051 -1985 -1235
87052 -1985 -1235
87053 -1985 -1235
87054 -1985 -1235
87055 -1980 -1230
87056 -1975 -1225
87057 -1970 -1220
87058 -1965 -1215
87059 -1965 -1215
87060 -1965 -1215
87061 -1965 -1215
87062 -1965 -1215
87063 -1965 -1215
87064 -1962.5 -1213.75
87065 -1960 -1212.5
87066 -1957.5 -1211.25
87067 -1955 -1210
87068 -1955 -1210
87069 -1955 -1210
87070 -1955 -1210
87071 -1955 -1210
87072 -1950 -1205
87073 -1945 -1200
87074 -1940 -1195
87075 -1935 -1190
87076 -1935 -1190
87077 -1935 -1190
87078 -1935 -1190
87079 -1935 -1190
87080 -1933 -1189
87081 -1931 -1188
87082 -1929 -1187
87083 -1927 -1186
87084 -1925 -1185
87085 -1925 -1185
87086 -1925 -1185
87087 -1925 -1185
87088 -1925 -1185
87089 -1923.75 -1183.75
87090 -1922.5 -1182.5
87091 -1921.25 -1181.25
87092 -1920 -1180
87093 -1920 -1180
87094 -1920 -1180
87095 -1920 -1180
87096 -1920 -1180
87097 -1919 -1179
87098 -1918 -1178
87099 -1917 -1177
87100 -1916 -1176
87101 -1915 -1175
87102 -1915 -1175
87103 -1915 -1175
87104 -1915 -1175
87105 -1915 -1175
87106 -1913.75 -1175
87107 -1912.5 -1175
87108 -1911.25 -1175
87109 -1910 -1175
87110 -1910 -1175
87111 -1910 -1175
87112 -1910 -1175
87113 -1910 -1175
87114 -1910 -1175
87115 -1910 -1175
87116 -1910 -1175
87117 -1910 -1175
87118 -1910 -1175
87119 -1910 -1175
87120 -1910 -1175
87121 -1910 -1175
87122 -1910 -1175
87123 -1910 -1175
87124 -1910 -1175
87125 -1910 -1175
87126 -1910 -1175
87127 -1910 -1175
87128 -1910 -1175
87129 -1910 -1175
87130 -1910 -1175
87131 -1910 -1175
87132 -1910 -1175
87133 -1910 -1175
87134 -1910 -1175
87135 -1910 -1175
87136 -1910 -1175
87137 -1910 -1175
87138 -1910 -1175
87139 -1910 -1175
87140 -1910 -1175
87141 -1910 -1175
87142 -1910 -1175
87143 -1910 -1175
87144 -1910 -1175
87145 -1910 -1175
87146 -1910 -1175
87147 -1910 -1175
87148 -1910 -1175
87149 -1910 -1175
87150 -1910 -1175
87151 -1910 -1175
87152 -1910 -1175
87153 -1910 -1175
87154 -1910 -1175
87155 -1910 -1175
87156 -1910 -1175
87157 -1910 -1175
87158 -1910 -1175
87159 -1910 -1175
87160 -1910 -1175
87161 -1910 -1175
87162 -1910 -1175
87163 -1910 -1175
87164 -1910 -1175
87165 -1910 -1175
87166 -1910 -1175
87167 -1910 -1175
87168 -1910 -1175
87169 -1908.75 -1175
87170 -1907.5 -1175
87171 -1906.25 -1175
87172 -1905 -1175
87173 -1905 -1175
87174 -1905 -1175
87175 -1905 -1175
87176 -1905 -1175
87177 -1905 -1175
87178 -1905 -1175
87179 -1905 -1175
87180 -1905 -1175
87181 -1905 -1176
87182 -1905 -1177
87183 -1905 -1178
87184 -1905 -1179
87185 -1905 -1180
87186 -1905 -1180
87187 -1905 -1180
87188 -1905 -1180
87189 -1905 -1180
87190 -1903.75 -1181.25
87191 -1902.5 -1182.5
87192 -1901.25 -1183.75
87193 -1900 -1185
87194 -1900 -1185
87195 -1900 -1185
87196 -1900 -1185
87197 -1900 -1185
87198 -1900 -1187
87199 -1900 -1189
87200 -1900 -1191
87201 -1900 -1193
87202 -1900 -1195
87203 -1899 -1196
87204 -1898 -1197
87205 -1897 -1198
87206 -1896 -1199
87207 -1895 -1200
87208 -1895 -1200
87209 -1895 -1200
87210 -1895 -1200
87211 -1895 -1200
87212 -1893.75 -1201.25
87213 -1892.5 -1202.5
87214 -1891.25 -1203.75
87215 -1890 -1205
87216 -1890 -1205
87217 -1890 -1205
87218 -1890 -1205
87219 -1890 -1205
87220 -1890 -1205
87221 -1890 -1205
87222 -1890 -1205
87223 -1890 -1205
87224 -1890 -1205
87225 -1890 -1205
87226 -1890 -1205
87227 -1890 -1205
87228 -1890 -1205
87229 -1888.75 -1207.5
87230 -1887.5 -1210
87231 -1886.25 -1212.5
87232 -1885 -1215
87233 -1885 -1215
87234 -1885 -1215
87235 -1885 -1215
87236 -1885 -1215
87237 -1885 -1215
87238 -1885 -1215
87239 -1885 -1215
87240 -1885 -1215
87241 -1885 -1215
87242 -1885 -1215
87243 -1885 -1215
87244 -1885 -1215
87245 -1885 -1215
87246 -1883.75 -1215
87247 -1882.5 -1215
87248 -1881.25 -1215
87249 -1880 -1215
87250 -1880 -1215
87251 -1880 -1215
87252 -1880 -1215
87253 -1880 -1215
87254 -1880 -1215
87255 -1880 -1215
87256 -1880 -1215
87257 -1880 -1215
87258 -1880 -1215
87259 -1880 -1215
87260 -1880 -1215
87261 -1880 -1215
87262 -1880 -1215
87263 -1878.75 -1215
87264 -1877.5 -1215
87265 -1876.25 -1215
87266 -1875 -1215
87267 -1875 -1215
87268 -1875 -1215
87269 -1875 -1215
87270 -1875 -1215
87271 -1875 -1215
87272 -1875 -1215
87273 -1875 -1215
87274 -1875 -1215
87275 -1874 -1215
87276 -1873 -1215
87277 -1872 -1215
87278 -1871 -1215
87279 -1870 -1215
87280 -1870 -1215
87281 -1870 -1215
87282 -1870 -1215
87283 -1870 -1215
87284 -1870 -1215
87285 -1870 -1215
87286 -1870 -1215
87287 -1870 -1215
87288 -1868.75 -1213.75
87289 -1867.5 -1212.5
87290 -1866.25 -1211.25
87291 -1865 -1210
87292 -1865 -1210
87293 -1865 -1210
87294 -1865 -1210
87295 -1865 -1210
87296 -1865 -1210
87297 -1865 -1210
87298 -1865 -1210
87299 -1865 -1210
87300 -1865 -1210
87301 -1865 -1210
87302 -1865 -1210
87303 -1865 -1210
87304 -1865 -1210
87305 -1865 -1210
87306 -1865 -1210
87307 -1865 -1210
87308 -1865 -1210
87309 -1865 -1210
87310 -1865 -1210
87311 -1865 -1210
87312 -1865 -1210
87313 -1865 -1210
87314 -1865 -1210
87315 -1865 -1210
87316 -1865 -1210
87317 -1865 -1210
87318 -1865 -1210
87319 -1865 -1210
87320 -1865 -1210
87321 -1865 -1210
87322 -1865 -1210
87323 -1865 -1210
87324 -1865 -1210
87325 -1865 -1210
87326 -1865 -1210
87327 -1865 -1210
87328 -1865 -1210
87329 -1865 -1210
87330 -1865 -1210
87331 -1865 -1210
87332 -1865 -1210
87333 -1865 -1210
87334 -1865 -1210
87335 -1865 -1210
87336 -1865 -1210
87337 -1865 -1210
87338 -1865 -1210
87339 -1865 -1210
87340 -1865 -1210
87341 -1865 -1210
87342 -1865 -1210
87343 -1865 -1210
87344 -1865 -1210
87345 -1865 -1210
87346 -1865 -1210
87347 -1865 -1210
87348 -1865 -1210
87349 -1865 -1210
87350 -1865 -1210
87351 -1865 -1210
87352 -1865 -1210
87353 -1865 -1210
87354 -1865 -1210
87355 -1865 -1210
87356 -1865 -1210
87357 -1865 -1210
87358 -1865 -1210
87359 -1865 -1210
87360 -1865 -1210
87361 -1865 -1210
87362 -1865 -1210
87363 -1865 -1210
87364 -1865 -1210
87365 -1865 -1210
87366 -1865 -1210
87367 -1865 -1210
87368 -1865 -1210
87369 -1865 -1210
87370 -1865 -1210
87371 -1865 -1210
87372 -1865 -1210
87373 -1865 -1210
87374 -1865 -1210
87375 -1865 -1210
87376 -1865 -1210
87377 -1865 -1210
87378 -1865 -1210
87379 -1865 -1210
87380 -1865 -1210
87381 -1865 -1210
87382 -1865 -1210
87383 -1865 -1210
87384 -1865 -1210
87385 -1865 -1210
87386 -1865 -1210
87387 -1865 -1210
87388 -1865 -1210
87389 -1865 -1210
87390 -1865 -1210
87391 -1865 -1210
87392 -1865 -1210
87393 -1865 -1210
87394 -1865 -1210
87395 -1865 -1210
87396 -1865 -1210
87397 -1865 -1210
87398 -1865 -1210
87399 -1865 -1210
87400 -1865 -1210
87401 -1865 -1210
87402 -1865 -1210
87403 -1865 -1210
87404 -1865 -1210
87405 -1865 -1210
87406 -1865 -1210
87407 -1865 -1210
87408 -1865 -1210
87409 -1865 -1210
87410 -1865 -1210
87411 -1865 -1210
87412 -1865 -1210
87413 -1865 -1210
87414 -1865 -1210
87415 -1865 -1210
87416 -1865 -1210
87417 -1865 -1210
87418 -1865 -1210
87419 -1865 -1210
87420 -1865 -1210
87421 -1865 -1210
87422 -1865 -1210
87423 -1865 -1210
87424 -1865 -1210
87425 -1865 -1210
87426 -1865 -1210
87427 -1865 -1210
87428 -1865 -1210
87429 -1865 -1210
87430 -1865 -1210
87431 -1865 -1210
87432 -1865 -1210
87433 -1865 -1210
87434 -1865 -1210
87435 -1865 -1210
87436 -1865 -1210
87437 -1865 -1210
87438 -1863.75 -1210
87439 -1862.5 -1210
87440 -1861.25 -1210
87441 -1860 -1210
87442 -1860 -1210
87443 -1860 -1210
87444 -1860 -1210
87445 -1860 -1210
87446 -1859 -1211
87447 -1858 -1212
87448 -1857 -1213
87449 -1856 -1214
87450 -1855 -1215
87451 -1855 -1215
87452 -1855 -1215
87453 -1855 -1215
87454 -1855 -1215
87455 -1853.75 -1216.25
87456 -1852.5 -1217.5
87457 -1851.25 -1218.75
87458 -1850 -1220
87459 -1850 -1220
87460 -1850 -1220
87461 -1850 -1220
87462 -1850 -1220
87463 -1850 -1220
87464 -1850 -1220
87465 -1850 -1220
87466 -1850 -1220
87467 -1849 -1221
87468 -1848 -1222
87469 -1847 -1223
87470 -1846 -1224
87471 -1845 -1225
87472 -1845 -1225
87473 -1845 -1225
87474 -1845 -1225
87475 -1845 -1225
87476 -1845 -1225
87477 -1845 -1225
87478 -1845 -1225
87479 -1845 -1225
87480 -1845 -1225
87481 -1845 -1225
87482 -1845 -1225
87483 -1845 -1225
87484 -1845 -1225
87485 -1845 -1225
87486 -1845 -1225
87487 -1845 -1225
87488 -1845 -1226
87489 -1845 -1227
87490 -1845 -1228
87491 -1845 -1229
87492 -1845 -1230
87493 -1845 -1230
87494 -1845 -1230
87495 -1845 -1230
87496 -1845 -1230
87497 -1845 -1230
87498 -1845 -1230
87499 -1845 -1230
87500 -1845 -1230
87501 -1845 -1230
87502 -1845 -1230
87503 -1845 -1230
87504 -1845 -1230
87505 -1845 -1230
87506 -1845 -1230
87507 -1845 -1230
87508 -1845 -1230
87509 -1845 -1230
87510 -1845 -1230
87511 -1845 -1230
87512 -1845 -1230
87513 -1845 -1230
87514 -1845 -1230
87515 -1845 -1230
87516 -1845 -1230
87517 -1845 -1230
87518 -1845 -1230
87519 -1845 -1230
87520 -1845 -1230
87521 -1845 -1230
87522 -1845 -1230
87523 -1845 -1230
87524 -1845 -1230
87525 -1845 -1230
87526 -1845 -1230
87527 -1843.75 -1231.25
87528 -1842.5 -1232.5
87529 -1841.25 -1233.75
87530 -1840 -1235
87531 -1840 -1235
87532 -1840 -1235
87533 -1840 -1235
87534 -1840 -1235
87535 -1840 -1235
87536 -1840 -1235
87537 -1840 -1235
87538 -1840 -1235
87539 -1839 -1233
87540 -1838 -1231
87541 -1837 -1229
87542 -1836 -1227
87543 -1835 -1225
87544 -1835 -1225
87545 -1835 -1225
87546 -1835 -1225
87547 -1835 -1225
87548 -1835 -1225
87549 -1835 -1225
87550 -1835 -1225
87551 -1835 -1225
87552 -1833.75 -1223.75
87553 -1832.5 -1222.5
87554 -1831.25 -1221.25
87555 -1830 -1220
87556 -1830 -1220
87557 -1830 -1220
87558 -1830 -1220
87559 -1830 -1220
87560 -1830 -1220
87561 -1830 -1220
87562 -1830 -1220
87563 -1830 -1220
87564 -1830 -1220
87565 -1830 -1220
87566 -1830 -1220
87567 -1830 -1220
87568 -1830 -1220
87569 -1830 -1220
87570 -1830 -1220
87571 -1830 -1220
87572 -1830 -1220
87573 -1830 -1218.75
87574 -1830 -1217.5
87575 -1830 -1216.25
87576 -1830 -1215
87577 -1830 -1215
87578 -1830 -1215
87579 -1830 -1215
87580 -1830 -1215
87581 -1830 -1215
87582 -1830 -1215
87583 -1830 -1215
87584 -1830 -1215
87585 -1830 -1215
87586 -1830 -1215
87587 -1830 -1215
87588 -1830 -1215
87589 -1830 -1215
87590 -1830 -1215
87591 -1830 -1215
87592 -1830 -1215
87593 -1830 -1215
87594 -1830 -1215
87595 -1830 -1215
87596 -1830 -1215
87597 -1830 -1215
87598 -1830 -1214
87599 -1830 -1213
87600 -1830 -1212
87601 -1830 -1211
87602 -1830 -1210
87603 -1830 -1210
87604 -1830 -1210
87605 -1830 -1210
87606 -1830 -1210
87607 -1830 -1210
87608 -1830 -1210
87609 -1830 -1210
87610 -1830 -1210
87611 -1828.75 -1208.75
87612 -1827.5 -1207.5
87613 -1826.25 -1206.25
87614 -1825 -1205
87615 -1825 -1205
87616 -1825 -1205
87617 -1825 -1205
87618 -1825 -1205
87619 -1825 -1205
87620 -1825 -1205
87621 -1825 -1205
87622 -1825 -1205
87623 -1825 -1205
87624 -1825 -1205
87625 -1825 -1205
87626 -1825 -1205
87627 -1825 -1205
87628 -1825 -1205
87629 -1825 -1205
87630 -1825 -1205
87631 -1825 -1205
87632 -1825 -1205
87633 -1825 -1205
87634 -1825 -1205
87635 -1825 -1205
87636 -1825 -1205
87637 -1825 -1205
87638 -1825 -1205
87639 -1825 -1205
87640 -1825 -1205
87641 -1825 -1205
87642 -1825 -1205
87643 -1825 -1205
87644 -1825 -1205
87645 -1825 -1205
87646 -1825 -1205
87647 -1825 -1205
87648 -1825 -1205
87649 -1825 -1205
87650 -1825 -1205
87651 -1825 -1205
87652 -1825 -1205
87653 -1825 -1205
87654 -1825 -1205
87655 -1825 -1205
87656 -1825 -1205
87657 -1825 -1205
87658 -1825 -1205
87659 -1825 -1205
87660 -1825 -1205
87661 -1825 -1205
87662 -1825 -1205
87663 -1825 -1205
87664 -1825 -1205
87665 -1825 -1205
87666 -1825 -1205
87667 -1825 -1205
87668 -1825 -1205
87669 -1825 -1205
87670 -1825 -1205
87671 -1825 -1205
87672 -1825 -1205
87673 -1825 -1205
87674 -1825 -1205
87675 -1825 -1205
87676 -1825 -1205
87677 -1825 -1205
87678 -1823.75 -1203.75
87679 -1822.5 -1202.5
87680 -1821.25 -1201.25
87681 -1820 -1200
87682 -1820 -1200
87683 -1820 -1200
87684 -1820 -1200
87685 -1820 -1200
87686 -1820 -1200
87687 -1820 -1200
87688 -1820 -1200
87689 -1820 -1200
87690 -1820 -1200
87691 -1818.75 -1201.25
87692 -1817.5 -1202.5
87693 -1816.25 -1203.75
87694 -1815 -1205
87695 -1815 -1205
87696 -1815 -1205
87697 -1815 -1205
87698 -1815 -1205
87699 -1815 -1206.25
87700 -1815 -1207.5
87701 -1815 -1208.75
87702 -1815 -1210
87703 -1815 -1210
87704 -1815 -1210
87705 -1815 -1210
87706 -1815 -1210
87707 -1815 -1210
87708 -1813.75 -1211.25
87709 -1812.5 -1212.5
87710 -1811.25 -1213.75
87711 -1810 -1215
87712 -1810 -1215
87713 -1810 -1215
87714 -1810 -1215
87715 -1810 -1215
87716 -1810 -1216.25
87717 -1810 -1217.5
87718 -1810 -1218.75
87719 -1810 -1220
87720 -1810 -1220
87721 -1810 -1220
87722 -1810 -1220
87723 -1810 -1220
87724 -1810 -1220
87725 -1808.75 -1222.5
87726 -1807.5 -1225
87727 -1806.25 -1227.5
87728 -1805 -1230
87729 -1805 -1230
87730 -1805 -1230
87731 -1805 -1230
87732 -1805 -1230
87733 -1805 -1230
87734 -1805 -1230
87735 -1805 -1230
87736 -1805 -1230
87737 -1805 -1230
87738 -1805 -1230
87739 -1805 -1230
87740 -1805 -1230
87741 -1805 -1230
87742 -1805 -1230
87743 -1805 -1230
87744 -1805 -1230
87745 -1805 -1230
87746 -1805 -1230
87747 -1805 -1230
87748 -1805 -1230
87749 -1805 -1230
87750 -1803.75 -1231.25
87751 -1802.5 -1232.5
87752 -1801.25 -1233.75
87753 -1800 -1235
87754 -1800 -1235
87755 -1800 -1235
87756 -1800 -1235
87757 -1800 -1235
87758 -1800 -1235
87759 -1800 -1235
87760 -1800 -1235
87761 -1800 -1235
87762 -1800 -1235
87763 -1800 -1235
87764 -1800 -1235
87765 -1800 -1235
87766 -1800 -1235
87767 -1800 -1235
87768 -1800 -1235
87769 -1800 -1235
87770 -1800 -1235
87771 -1800 -1235
87772 -1800 -1235
87773 -1800 -1235
87774 -1800 -1235
87775 -1800 -1235
87776 -1800 -1235
87777 -1800 -1235
87778 -1800 -1235
87779 -1800 -1235
87780 -1800 -1235
87781 -1800 -1235
87782 -1800 -1235
87783 -1799 -1235
87784 -1798 -1235
87785 -1797 -1235
87786 -1796 -1235
87787 -1795 -1235
87788 -1795 -1235
87789 -1795 -1235
87790 -1795 -1235
87791 -1795 -1235
87792 -1793.75 -1233.75
87793 -1792.5 -1232.5
87794 -1791.25 -1231.25
87795 -1790 -1230
87796 -1789 -1229
87797 -1788 -1228
87798 -1787 -1227
87799 -1786 -1226
87800 -1785 -1225
87801 -1785 -1225
87802 -1785 -1225
87803 -1785 -1225
87804 -1785 -1225
87805 -1785 -1225
87806 -1785 -1225
87807 -1785 -1225
87808 -1785 -1225
87809 -1785 -1225
87810 -1785 -1225
87811 -1785 -1225
87812 -1785 -1225
87813 -1785 -1225
87814 -1785 -1225
87815 -1785 -1225
87816 -1785 -1225
87817 -1785 -1225
87818 -1785 -1225
87819 -1785 -1225
87820 -1785 -1225
87821 -1785 -1225
87822 -1785 -1225
87823 -1785 -1225
87824 -1785 -1225
87825 -1785 -1225
87826 -1785 -1223.75
87827 -1785 -1222.5
87828 -1785 -1221.25
87829 -1785 -1220
87830 -1785 -1220
87831 -1785 -1220
87832 -1785 -1220
87833 -1785 -1220
87834 -1784 -1219
87835 -1783 -1218
87836 -1782 -1217
87837 -1781 -1216
87838 -1780 -1215
87839 -1780 -1215
87840 -1780 -1215
87841 -1780 -1215
87842 -1780 -1215
87843 -1780 -1215
87844 -1780 -1215
87845 -1780 -1215
87846 -1780 -1215
87847 -1780 -1213.75
87848 -1780 -1212.5
87849 -1780 -1211.25
87850 -1780 -1210
87851 -1780 -1210
87852 -1780 -1210
87853 -1780 -1210
87854 -1780 -1210
87855 -1779 -1208
87856 -1778 -1206
87857 -1777 -1204
87858 -1776 -1202
87859 -1775 -1200
87860 -1775 -1200
87861 -1775 -1200
87862 -1775 -1200
87863 -1775 -1200
87864 -1775 -1200
87865 -1775 -1200
87866 -1775 -1200
87867 -1775 -1200
87868 -1775 -1198.75
87869 -1775 -1197.5
87870 -1775 -1196.25
87871 -1775 -1195
87872 -1775 -1195
87873 -1775 -1195
87874 -1775 -1195
87875 -1775 -1195
87876 -1775 -1195
87877 -1773.75 -1193.75
87878 -1772.5 -1192.5
87879 -1771.25 -1191.25
87880 -1770 -1190
87881 -1770 -1190
87882 -1770 -1190
87883 -1770 -1190
87884 -1770 -1190
87885 -1770 -1188.75
87886 -1770 -1187.5
87887 -1770 -1186.25
87888 -1770 -1185
87889 -1770 -1185
87890 -1770 -1185
87891 -1770 -1185
87892 -1770 -1185
87893 -1770 -1185
87894 -1770 -1185
87895 -1770 -1185
87896 -1770 -1185
87897 -1770 -1185
87898 -1770 -1185
87899 -1770 -1185
87900 -1770 -1185
87901 -1770 -1185
87902 -1770 -1185
87903 -1770 -1185
87904 -1770 -1185
87905 -1770 -1185
87906 -1770 -1185
87907 -1770 -1185
87908 -1770 -1185
87909 -1770 -1185
87910 -1770 -1185
87911 -1770 -1185
87912 -1770 -1185
87913 -1770 -1185
87914 -1770 -1185
87915 -1770 -1185
87916 -1770 -1185
87917 -1770 -1185
87918 -1770 -1185
87919 -1770 -1185
87920 -1770 -1185
87921 -1770 -1185
87922 -1770 -1185
87923 -1770 -1185
87924 -1770 -1185
87925 -1770 -1185
87926 -1770 -1185
87927 -1770 -1185
87928 -1770 -1185
87929 -1770 -1185
87930 -1770 -1185
87931 -1770 -1185
87932 -1770 -1185
87933 -1770 -1185
87934 -1770 -1185
87935 -1770 -1185
87936 -1770 -1185
87937 -1770 -1185
87938 -1770 -1185
87939 -1770 -1185
87940 -1770 -1185
87941 -1770 -1185
87942 -1770 -1185
87943 -1770 -1185
87944 -1770 -1185
87945 -1770 -1185
87946 -1770 -1185
87947 -1770 -1185
87948 -1770 -1185
87949 -1770 -1185
87950 -1770 -1185
87951 -1770 -1185
87952 -1770 -1185
87953 -1770 -1185
87954 -1770 -1185
87955 -1770 -1185
87956 -1768.75 -1183.75
87957 -1767.5 -1182.5
87958 -1766.25 -1181.25
87959 -1765 -1180
87960 -1765 -1180
87961 -1765 -1180
87962 -1765 -1180
87963 -1765 -1180
87964 -1765 -1180
87965 -1760 -1185
87966 -1755 -1190
87967 -1750 -1195
87968 -1745 -1200
87969 -1745 -1200
87970 -1745 -1200
87971 -1745 -1200
87972 -1745 -1200
87973 -1742.5 -1201.25
87974 -1740 -1202.5
87975 -1737.5 -1203.75
87976 -1735 -1205
87977 -1735 -1205
87978 -1735 -1205
87979 -1735 -1205
87980 -1735 -1205
87981 -1733 -1206
87982 -1731 -1207
87983 -1729 -1208
87984 -1727 -1209
87985 -1725 -1210
87986 -1725 -1210
87987 -1725 -1210
87988 -1725 -1210
87989 -1725 -1210
87990 -1723.75 -1211.25
87991 -1722.5 -1212.5
87992 -1721.25 -1213.75
87993 -1720 -1215
87994 -1720 -1215
87995 -1720 -1215
87996 -1720 -1215
87997 -1720 -1215
87998 -1718.75 -1216.25
87999 -1717.5 -1217.5
88000 -1716.25 -1218.75
88001 -1715 -1220
88002 -1715 -1220
88003 -1715 -1220
88004 -1715 -1220
88005 -1715 -1220
88006 -1715 -1220
88007 -1715 -1220
88008 -1715 -1220
88009 -1715 -1220
88010 -1715 -1220
88011 -1713.75 -1220
88012 -1712.5 -1220
88013 -1711.25 -1220
88014 -1710 -1220
88015 -1710 -1220
88016 -1710 -1220
88017 -1710 -1220
88018 -1710 -1220
88019 -1709 -1220
88020 -1708 -1220
88021 -1707 -1220
88022 -1706 -1220
88023 -1705 -1220
88024 -1705 -1220
88025 -1705 -1220
88026 -1705 -1220
88027 -1705 -1220
88028 -1705 -1220
88029 -1705 -1220
88030 -1705 -1220
88031 -1705 -1220
88032 -1705 -1220
88033 -1705 -1220
88034 -1705 -1220
88035 -1705 -1220
88036 -1703.75 -1220
88037 -1702.5 -1220
88038 -1701.25 -1220
88039 -1700 -1220
88040 -1700 -1220
88041 -1700 -1220
88042 -1700 -1220
88043 -1700 -1220
88044 -1700 -1220
88045 -1700 -1220
88046 -1700 -1220
88047 -1700 -1220
88048 -1700 -1220
88049 -1700 -1220
88050 -1700 -1220
88051 -1700 -1220
88052 -1700 -1220
88053 -1698.75 -1220
88054 -1697.5 -1220
88055 -1696.25 -1220
88056 -1695 -1220
88057 -1695 -1220
88058 -1695 -1220
88059 -1695 -1220
88060 -1695 -1220
88061 -1695 -1220
88062 -1695 -1220
88063 -1695 -1220
88064 -1695 -1220
88065 -1695 -1220
88066 -1693.75 -1220
88067 -1692.5 -1220
88068 -1691.25 -1220
88069 -1690 -1220
88070 -1690 -1220
88071 -1690 -1220
88072 -1690 -1220
88073 -1690 -1220
88074 -1688.75 -1220
88075 -1687.5 -1220
88076 -1686.25 -1220
88077 -1685 -1220
88078 -1685 -1220
88079 -1685 -1220
88080 -1685 -1220
88081 -1685 -1220
88082 -1685 -1219
88083 -1685 -1218
88084 -1685 -1217
88085 -1685 -1216
88086 -1685 -1215
88087 -1685 -1215
88088 -1685 -1215
88089 -1685 -1215
88090 -1685 -1215
88091 -1683.75 -1213.75
88092 -1682.5 -1212.5
88093 -1681.25 -1211.25
88094 -1680 -1210
88095 -1680 -1210
88096 -1680 -1210
88097 -1680 -1210
88098 -1680 -1210
88099 -1679 -1209
88100 -1678 -1208
88101 -1677 -1207
88102 -1676 -1206
88103 -1675 -1205
88104 -1675 -1205
88105 -1675 -1205
88106 -1675 -1205
88107 -1675 -1205
88108 -1675 -1202.5
88109 -1675 -1200
88110 -1675 -1197.5
88111 -1675 -1195
88112 -1675 -1195
88113 -1675 -1195
88114 -1675 -1195
88115 -1675 -1195
88116 -1675 -1195
88117 -1675 -1192.5
88118 -1675 -1190
88119 -1675 -1187.5
88120 -1675 -1185
88121 -1675 -1185
88122 -1675 -1185
88123 -1675 -1185
88124 -1675 -1185
88125 -1673 -1179
88126 -1671 -1173
88127 -1669 -1167
88128 -1667 -1161
88129 -1665 -1155
88130 -1665 -1153.75
88131 -1665 -1152.5
88132 -1665 -1151.25
88133 -1665 -1150
88134 -1665 -1150
88135 -1665 -1150
88136 -1665 -1150
88137 -1665 -1150
88138 -1665 -1147.5
88139 -1665 -1145
88140 -1665 -1142.5
88141 -1665 -1140
88142 -1665 -1140
88143 -1665 -1140
88144 -1665 -1140
88145 -1665 -1140
88146 -1665 -1139
88147 -1665 -1138
88148 -1665 -1137
88149 -1665 -1136
88150 -1665 -1135
88151 -1665 -1135
88152 -1665 -1135
88153 -1665 -1135
88154 -1665 -1135
88155 -1665 -1132.5
88156 -1665 -1130
88157 -1665 -1127.5
88158 -1665 -1125
88159 -1665 -1125
88160 -1665 -1125
88161 -1665 -1125
88162 -1665 -1125
88163 -1665 -1124
88164 -1665 -1123
88165 -1665 -1122
88166 -1665 -1121
88167 -1665 -1120
88168 -1665 -1120
88169 -1665 -1120
88170 -1665 -1120
88171 -1665 -1120
88172 -1665 -1118.75
88173 -1665 -1117.5
88174 -1665 -1116.25
88175 -1665 -1115
88176 -1665 -1115
88177 -1665 -1115
88178 -1665 -1115
88179 -1665 -1115
88180 -1663.75 -1112.5
88181 -1662.5 -1110
88182 -1661.25 -1107.5
88183 -1660 -1105
88184 -1660 -1105
88185 -1660 -1105
88186 -1660 -1105
88187 -1660 -1105
88188 -1660 -1105
88189 -1660 -1105
88190 -1660 -1105
88191 -1660 -1105
88192 -1660 -1105
88193 -1660 -1103.75
88194 -1660 -1102.5
88195 -1660 -1101.25
88196 -1660 -1100
88197 -1660 -1100
88198 -1660 -1100
88199 -1660 -1100
88200 -1660 -1100
88201 -1660 -1099
88202 -1660 -1098
88203 -1660 -1097
88204 -1660 -1096
88205 -1660 -1095
88206 -1660 -1095
88207 -1660 -1095
88208 -1660 -1095
88209 -1660 -1095
88210 -1660 -1095
88211 -1660 -1095
88212 -1660 -1095
88213 -1660 -1095
88214 -1660 -1095
88215 -1660 -1093.75
88216 -1660 -1092.5
88217 -1660 -1091.25
88218 -1660 -1090
88219 -1660 -1090
88220 -1660 -1090
88221 -1660 -1090
88222 -1660 -1090
88223 -1660 -1090
88224 -1660 -1090
88225 -1660 -1090
88226 -1660 -1090
88227 -1660 -1090
88228 -1660 -1090
88229 -1660 -1090
88230 -1660 -1090
88231 -1660 -1090
88232 -1660 -1090
88233 -1660 -1090
88234 -1660 -1090
88235 -1660 -1090
88236 -1660 -1090
88237 -1660 -1090
88238 -1660 -1090
88239 -1660 -1090
88240 -1660 -1090
88241 -1660 -1090
88242 -1660 -1090
88243 -1660 -1090
88244 -1660 -1090
88245 -1660 -1090
88246 -1660 -1090
88247 -1660 -1090
88248 -1660 -1090
88249 -1660 -1090
88250 -1660 -1090
88251 -1660 -1090
88252 -1660 -1090
88253 -1660 -1090
88254 -1660 -1090
88255 -1660 -1090
88256 -1660 -1090
88257 -1660 -1090
88258 -1660 -1090
88259 -1660 -1090
88260 -1660 -1090
88261 -1660 -1090
88262 -1660 -1090
88263 -1660 -1090
88264 -1660 -1090
88265 -1660 -1090
88266 -1660 -1090
88267 -1660 -1090
88268 -1660 -1090
88269 -1660 -1090
88270 -1660 -1090
88271 -1660 -1090
88272 -1660 -1090
88273 -1660 -1090
88274 -1660 -1090
88275 -1660 -1090
88276 -1660 -1090
88277 -1660 -1090
88278 -1660 -1090
88279 -1660 -1090
88280 -1660 -1090
88281 -1660 -1090
88282 -1660 -1090
88283 -1660 -1090
88284 -1660 -1090
88285 -1660 -1090
88286 -1660 -1090
88287 -1660 -1090
88288 -1660 -1090
88289 -1660 -1090
88290 -1660 -1090
88291 -1660 -1090
88292 -1660 -1090
88293 -1660 -1090
88294 -1660 -1090
88295 -1660 -1090
88296 -1660 -1090
88297 -1660 -1090
88298 -1660 -1090
88299 -1660 -1090
88300 -1660 -1090
88301 -1660 -1090
88302 -1660 -1090
88303 -1660 -1090
88304 -1660 -1090
88305 -1660 -1090
88306 -1660 -1090
88307 -1660 -1090
88308 -1660 -1090
88309 -1660 -1090
88310 -1660 -1090
88311 -1660 -1090
88312 -1660 -1090
88313 -1660 -1090
88314 -1660 -1090
88315 -1660 -1090
88316 -1660 -1090
88317 -1660 -1090
88318 -1660 -1090
88319 -1660 -1090
88320 -1660 -1090
88321 -1660 -1090
88322 -1660 -1090
88323 -1658.75 -1090
88324 -1657.5 -1090
88325 -1656.25 -1090
88326 -1655 -1090
88327 -1655 -1090
88328 -1655 -1090
88329 -1655 -1090
88330 -1655 -1090
88331 -1655 -1090
88332 -1655 -1090
88333 -1655 -1090
88334 -1655 -1090
88335 -1655 -1090
88336 -1655 -1090
88337 -1655 -1090
88338 -1655 -1090
88339 -1655 -1090
88340 -1655 -1090
88341 -1655 -1090
88342 -1655 -1090
88343 -1655 -1090
88344 -1653.75 -1090
88345 -1652.5 -1090
88346 -1651.25 -1090
88347 -1650 -1090
88348 -1650 -1090
88349 -1650 -1090
88350 -1650 -1090
88351 -1650 -1090
88352 -1648 -1089
88353 -1646 -1088
88354 -1644 -1087
88355 -1642 -1086
88356 -1640 -1085
88357 -1640 -1085
88358 -1640 -1085
88359 -1640 -1085
88360 -1640 -1085
88361 -1638.75 -1083.75
88362 -1637.5 -1082.5
88363 -1636.25 -1081.25
88364 -1635 -1080
88365 -1635 -1080
88366 -1635 -1080
88367 -1635 -1080
88368 -1635 -1080
88369 -1634 -1078
88370 -1633 -1076
88371 -1632 -1074
88372 -1631 -1072
88373 -1630 -1070
88374 -1630 -1070
88375 -1630 -1070
88376 -1630 -1070
88377 -1630 -1070
88378 -1628.75 -1067.5
88379 -1627.5 -1065
88380 -1626.25 -1062.5
88381 -1625 -1060
88382 -1625 -1060
88383 -1625 -1060
88384 -1625 -1060
88385 -1625 -1060
88386 -1625 -1058
88387 -1625 -1056
88388 -1625 -1054
88389 -1625 -1052
88390 -1625 -1050
88391 -1625 -1050
88392 -1625 -1050
88393 -1625 -1050
88394 -1625 -1050
88395 -1623.75 -1047.5
88396 -1622.5 -1045
88397 -1621.25 -1042.5
88398 -1620 -1040
88399 -1620 -1039
88400 -1620 -1038
88401 -1620 -1037
88402 -1620 -1036
88403 -1620 -1035
88404 -1620 -1035
88405 -1620 -1035
88406 -1620 -1035
88407 -1620 -1035
88408 -1620 -1032.5
88409 -1620 -1030
88410 -1620 -1027.5
88411 -1620 -1025
88412 -1620 -1025
88413 -1620 -1025
88414 -1620 -1025
88415 -1620 -1025
88416 -1620 -1023.75
88417 -1620 -1022.5
88418 -1620 -1021.25
88419 -1620 -1020
88420 -1620 -1020
88421 -1620 -1020
88422 -1620 -1020
88423 -1620 -1020
88424 -1620 -1020
88425 -1620 -1018.75
88426 -1620 -1017.5
88427 -1620 -1016.25
88428 -1620 -1015
88429 -1620 -1015
88430 -1620 -1015
88431 -1620 -1015
88432 -1620 -1015
88433 -1620 -1015
88434 -1620 -1015
88435 -1620 -1015
88436 -1620 -1015
88437 -1620 -1014
88438 -1620 -1013
88439 -1620 -1012
88440 -1620 -1011
88441 -1620 -1010
88442 -1620 -1010
88443 -1620 -1010
88444 -1620 -1010
88445 -1620 -1010
88446 -1620 -1010
88447 -1620 -1010
88448 -1620 -1010
88449 -1620 -1010
88450 -1620 -1008.75
88451 -1620 -1007.5
88452 -1620 -1006.25
88453 -1620 -1005
88454 -1620 -1005
88455 -1620 -1005
88456 -1620 -1005
88457 -1620 -1005
88458 -1620 -1004
88459 -1620 -1003
88460 -1620 -1002
88461 -1620 -1001
88462 -1620 -1000
88463 -1620 -1000
88464 -1620 -1000
88465 -1620 -1000
88466 -1620 -1000
88467 -1620 -1000
88468 -1620 -1000
88469 -1620 -1000
88470 -1620 -1000
88471 -1620 -1000
88472 -1620 -1000
88473 -1620 -1000
88474 -1620 -1000
88475 -1620 -1000
88476 -1620 -1000
88477 -1620 -1000
88478 -1620 -1000
88479 -1620 -1000
88480 -1620 -1000
88481 -1620 -1000
88482 -1620 -1000
88483 -1620 -1000
88484 -1620 -1000
88485 -1620 -1000
88486 -1620 -1000
88487 -1620 -1000
88488 -1620 -1000
88489 -1620 -1000
88490 -1620 -1000
88491 -1620 -1000
88492 -1620 -1000
88493 -1620 -1000
88494 -1620 -1000
88495 -1620 -1000
88496 -1620 -1000
88497 -1620 -1000
88498 -1620 -1000
88499 -1620 -1000
88500 -1620 -1000
88501 -1620 -1000
88502 -1620 -1000
88503 -1620 -1000
88504 -1620 -1000
88505 -1620 -1000
88506 -1620 -1000
88507 -1620 -1000
88508 -1620 -1000
88509 -1620 -1000
88510 -1620 -1000
88511 -1620 -1000
88512 -1620 -1000
88513 -1620 -1000
88514 -1620 -1000
88515 -1620 -1000
88516 -1620 -1000
88517 -1620 -1000
88518 -1620 -1000
88519 -1620 -1000
88520 -1620 -1000
88521 -1620 -1000
88522 -1620 -1000
88523 -1620 -1000
88524 -1620 -1000
88525 -1620 -1000
88526 -1620 -1000
88527 -1620 -1000
88528 -1620 -1000
88529 -1620 -1000
88530 -1620 -1000
88531 -1620 -1000
88532 -1620 -1000
88533 -1620 -1000
88534 -1620 -1000
88535 -1620 -1000
88536 -1620 -1000
88537 -1620 -1000
88538 -1620 -1000
88539 -1620 -1000
88540 -1620 -1000
88541 -1620 -1000
88542 -1620 -1000
88543 -1620 -1000
88544 -1620 -1000
88545 -1620 -1000
88546 -1620 -1000
88547 -1620 -1000
88548 -1620 -1000
88549 -1620 -1000
88550 -1620 -1000
88551 -1620 -1000
88552 -1620 -1000
88553 -1620 -1000
88554 -1620 -1000
88555 -1620 -1000
88556 -1620 -1000
88557 -1620 -1000
88558 -1620 -1000
88559 -1620 -1000
88560 -1620 -1000
88561 -1620 -1000
88562 -1620 -1000
88563 -1620 -999
88564 -1620 -998
88565 -1620 -997
88566 -1620 -996
88567 -1620 -995
88568 -1620 -995
88569 -1620 -995
88570 -1620 -995
88571 -1620 -995
88572 -1620 -993.75
88573 -1620 -992.5
88574 -1620 -991.25
88575 -1620 -990
88576 -1620 -990
88577 -1620 -990
88578 -1620 -990
88579 -1620 -990
88580 -1618 -984
88581 -1616 -978
88582 -1614 -972
88583 -1612 -966
88584 -1610 -960
88585 -1610 -960
88586 -1610 -960
88587 -1610 -960
88588 -1610 -960
88589 -1608.75 -957.5
88590 -1607.5 -955
88591 -1606.25 -952.5
88592 -1605 -950
88593 -1605 -950
88594 -1605 -950
88595 -1605 -950
88596 -1605 -950
88597 -1605 -949
88598 -1605 -948
88599 -1605 -947
88600 -1605 -946
88601 -1605 -945
88602 -1605 -945
88603 -1605 -945
88604 -1605 -945
88605 -1605 -945
88606 -1602.5 -937.5
88607 -1600 -930
88608 -1597.5 -922.5
88609 -1595 -915
88610 -1595 -915
88611 -1595 -915
88612 -1595 -915
88613 -1595 -915
88614 -1595 -913.75
88615 -1595 -912.5
88616 -1595 -911.25
88617 -1595 -910
88618 -1595 -910
88619 -1595 -910
88620 -1595 -910
88621 -1595 -910
88622 -1595 -910
88623 -1595 -907.5
88624 -1595 -905
88625 -1595 -902.5
88626 -1595 -900
88627 -1595 -900
88628 -1595 -900
88629 -1595 -900
88630 -1595 -900
88631 -1595 -900
88632 -1595 -900
88633 -1595 -900
88634 -1595 -900
88635 -1595 -898.75
88636 -1595 -897.5
88637 -1595 -896.25
88638 -1595 -895
88639 -1595 -895
88640 -1595 -895
88641 -1595 -895
88642 -1595 -895
88643 -1595 -895
88644 -1595 -892.5
88645 -1595 -890
88646 -1595 -887.5
88647 -1595 -885
88648 -1595 -885
88649 -1595 -885
88650 -1595 -885
88651 -1595 -885
88652 -1595 -883.75
88653 -1595 -882.5
88654 -1595 -881.25
88655 -1595 -880
88656 -1595 -880
88657 -1595 -880
88658 -1595 -880
88659 -1595 -880
88660 -1595 -880
88661 -1596.25 -878.75
88662 -1597.5 -877.5
88663 -1598.75 -876.25
88664 -1600 -875
88665 -1600 -875
88666 -1600 -875
88667 -1600 -875
88668 -1600 -875
88669 -1601.25 -873.75
88670 -1602.5 -872.5
88671 -1603.75 -871.25
88672 -1605 -870
88673 -1605 -870
88674 -1605 -870
88675 -1605 -870
88676 -1605 -870
88677 -1605 -870
88678 -1605 -870
88679 -1605 -870
88680 -1605 -870
88681 -1605 -870
88682 -1605 -870
88683 -1605 -870
88684 -1605 -870
88685 -1605 -870
88686 -1605 -870
88687 -1605 -870
88688 -1605 -870
88689 -1605 -870
88690 -1605 -870
88691 -1605 -870
88692 -1605 -870
88693 -1605 -870
88694 -1605 -870
88695 -1605 -870
88696 -1605 -870
88697 -1605 -870
88698 -1605 -870
88699 -1605 -870
88700 -1605 -870
88701 -1605 -870
88702 -1605 -870
88703 -1605 -870
88704 -1605 -870
88705 -1605 -870
88706 -1605 -870
88707 -1605 -870
88708 -1605 -870
88709 -1605 -870
88710 -1605 -870
88711 -1605 -870
88712 -1605 -870
88713 -1605 -870
88714 -1605 -870
88715 -1605 -870
88716 -1605 -870
88717 -1605 -870
88718 -1605 -870
88719 -1605 -870
88720 -1605 -870
88721 -1605 -870
88722 -1605 -870
88723 -1605 -870
88724 -1605 -870
88725 -1605 -870
88726 -1605 -870
88727 -1605 -870
88728 -1605 -870
88729 -1605 -870
88730 -1605 -870
88731 -1605 -870
88732 -1605 -870
88733 -1605 -870
88734 -1605 -870
88735 -1605 -870
88736 -1605 -870
88737 -1605 -870
88738 -1605 -870
88739 -1605 -870
88740 -1605 -870
88741 -1605 -870
88742 -1605 -870
88743 -1605 -870
88744 -1605 -870
88745 -1605 -870
88746 -1605 -870
88747 -1605 -870
88748 -1605 -870
88749 -1605 -870
88750 -1605 -870
88751 -1605 -870
88752 -1605 -870
88753 -1605 -870
88754 -1605 -870
88755 -1605 -870
88756 -1605 -870
88757 -1605 -870
88758 -1605 -870
88759 -1605 -870
88760 -1605 -870
88761 -1605 -870
88762 -1605 -870
88763 -1605 -870
88764 -1605 -870
88765 -1605 -870
88766 -1605 -870
88767 -1605 -870
88768 -1605 -870
88769 -1605 -870
88770 -1605 -870
88771 -1605 -870
88772 -1605 -870
88773 -1605 -870
88774 -1605 -870
88775 -1605 -870
88776 -1605 -870
88777 -1605 -870
88778 -1605 -870
88779 -1605 -870
88780 -1605 -870
88781 -1605 -870
88782 -1605 -870
88783 -1605 -870
88784 -1605 -870
88785 -1605 -870
88786 -1605 -870
88787 -1605 -870
88788 -1605 -870
88789 -1605 -870
88790 -1605 -870
88791 -1605 -870
88792 -1605 -870
88793 -1605 -870
88794 -1605 -870
88795 -1605 -868.75
88796 -1605 -867.5
88797 -1605 -866.25
88798 -1605 -865
88799 -1605 -865
88800 -1605 -865
88801 -1605 -865
88802 -1605 -865
88803 -1605 -862.5
88804 -1605 -860
88805 -1605 -857.5
88806 -1605 -855
88807 -1605 -855
88808 -1605 -855
88809 -1605 -855
88810 -1605 -855
88811 -1605 -855
88812 -1603.75 -853.75
88813 -1602.5 -852.5
88814 -1601.25 -851.25
88815 -1600 -850
88816 -1600 -850
88817 -1600 -850
88818 -1600 -850
88819 -1600 -850
88820 -1600 -848.75
88821 -1600 -847.5
88822 -1600 -846.25
88823 -1600 -845
88824 -1600 -845
88825 -1600 -845
88826 -1600 -845
88827 -1600 -845
88828 -1600 -845
88829 -1600 -843.75
88830 -1600 -842.5
88831 -1600 -841.25
88832 -1600 -840
88833 -1600 -840
88834 -1600 -840
88835 -1600 -840
88836 -1600 -840
88837 -1600 -838.75
88838 -1600 -837.5
88839 -1600 -836.25
88840 -1600 -835
88841 -1600 -835
88842 -1600 -835
88843 -1600 -835
88844 -1600 -835
88845 -1600 -835
88846 -1600 -832.5
88847 -1600 -830
88848 -1600 -827.5
88849 -1600 -825
88850 -1600 -825
88851 -1600 -825
88852 -1600 -825
88853 -1600 -825
88854 -1600 -825
88855 -1600 -825
88856 -1600 -825
88857 -1600 -825
88858 -1600 -825
88859 -1600 -825
88860 -1600 -825
88861 -1600 -825
88862 -1600 -824
88863 -1600 -823
88864 -1600 -822
88865 -1600 -821
88866 -1600 -820
88867 -1600 -820
88868 -1600 -820
88869 -1600 -820
88870 -1600 -820
88871 -1600 -817.5
88872 -1600 -815
88873 -1600 -812.5
88874 -1600 -810
88875 -1600 -810
88876 -1600 -810
88877 -1600 -810
88878 -1600 -810
88879 -1600 -808.75
88880 -1600 -807.5
88881 -1600 -806.25
88882 -1600 -805
88883 -1600 -805
88884 -1600 -805
88885 -1600 -805
88886 -1600 -805
88887 -1600 -805
88888 -1600 -803.75
88889 -1600 -802.5
88890 -1600 -801.25
88891 -1600 -800
88892 -1600 -800
88893 -1600 -800
88894 -1600 -800
88895 -1600 -800
88896 -1600 -798.75
88897 -1600 -797.5
88898 -1600 -796.25
88899 -1600 -795
88900 -1600 -795
88901 -1600 -795
88902 -1600 -795
88903 -1600 -795
88904 -1600 -795
88905 -1600 -793.75
88906 -1600 -792.5
88907 -1600 -791.25
88908 -1600 -790
88909 -1600 -790
88910 -1600 -790
88911 -1600 -790
88912 -1600 -790
88913 -1600 -788.75
88914 -1600 -787.5
88915 -1600 -786.25
88916 -1600 -785
88917 -1600 -785
88918 -1600 -785
88919 -1600 -785
88920 -1600 -785
88921 -1600 -784
88922 -1600 -783
88923 -1600 -782
88924 -1600 -781
88925 -1600 -780
88926 -1600 -780
88927 -1600 -780
88928 -1600 -780
88929 -1600 -780
88930 -1600 -780
88931 -1600 -780
88932 -1600 -780
88933 -1600 -780
88934 -1600 -780
88935 -1600 -780
88936 -1600 -780
88937 -1600 -780
88938 -1600 -779
88939 -1600 -778
88940 -1600 -777
88941 -1600 -776
88942 -1600 -775
88943 -1600 -775
88944 -1600 -775
88945 -1600 -775
88946 -1600 -775
88947 -1600 -773.75
88948 -1600 -772.5
88949 -1600 -771.25
88950 -1600 -770
88951 -1600 -770
88952 -1600 -770
88953 -1600 -770
88954 -1600 -770
88955 -1600 -770
88956 -1600 -770
88957 -1600 -770
88958 -1600 -770
88959 -1600 -769
88960 -1600 -768
88961 -1600 -767
88962 -1600 -766
88963 -1600 -765
88964 -1600 -765
88965 -1600 -765
88966 -1600 -765
88967 -1600 -765
88968 -1600 -765
88969 -1600 -765
88970 -1600 -765
88971 -1600 -765
88972 -1598.75 -763.75
88973 -1597.5 -762.5
88974 -1596.25 -761.25
88975 -1595 -760
88976 -1595 -760
88977 -1595 -760
88978 -1595 -760
88979 -1595 -760
88980 -1595 -760
88981 -1595 -760
88982 -1595 -760
88983 -1595 -760
88984 -1595 -760
88985 -1595 -760
88986 -1595 -760
88987 -1595 -760
88988 -1595 -760
88989 -1595 -760
88990 -1595 -760
88991 -1595 -760
88992 -1595 -760
88993 -1595 -760
88994 -1595 -760
88995 -1595 -760
88996 -1595 -760
88997 -1595 -760
88998 -1595 -760
88999 -1595 -760
89000 -1595 -760
89001 -1595 -760
89002 -1595 -760
89003 -1595 -760
89004 -1595 -760
89005 -1595 -760
89006 -1595 -760
89007 -1595 -760
89008 -1595 -760
89009 -1595 -760
89010 -1595 -760
89011 -1595 -760
89012 -1595 -760
89013 -1595 -760
89014 -1595 -760
89015 -1595 -760
89016 -1595 -760
89017 -1595 -760
89018 -1595 -760
89019 -1595 -760
89020 -1595 -760
89021 -1595 -760
89022 -1595 -760
89023 -1595 -760
89024 -1595 -760
89025 -1595 -760
89026 -1595 -760
89027 -1595 -760
89028 -1595 -760
89029 -1595 -760
89030 -1595 -760
89031 -1595 -760
89032 -1595 -760
89033 -1595 -760
89034 -1595 -760
89035 -1595 -760
89036 -1595 -760
89037 -1595 -760
89038 -1595 -760
89039 -1595 -760
89040 -1595 -760
89041 -1595 -760
89042 -1595 -760
89043 -1595 -760
89044 -1595 -760
89045 -1595 -760
89046 -1595 -760
89047 -1595 -760
89048 -1595 -760
89049 -1595 -760
89050 -1595 -760
89051 -1595 -760
89052 -1595 -760
89053 -1595 -760
89054 -1595 -760
89055 -1595 -760
89056 -1595 -760
89057 -1595 -760
89058 -1595 -760
89059 -1595 -760
89060 -1595 -760
89061 -1595 -760
89062 -1595 -760
89063 -1595 -760
89064 -1595 -758.75
89065 -1595 -757.5
89066 -1595 -756.25
89067 -1595 -755
89068 -1595 -755
89069 -1595 -755
89070 -1595 -755
89071 -1595 -755
89072 -1595 -755
89073 -1595 -753.75
89074 -1595 -752.5
89075 -1595 -751.25
89076 -1595 -750
89077 -1595 -750
89078 -1595 -750
89079 -1595 -750
89080 -1595 -750
89081 -1593.75 -747.5
89082 -1592.5 -745
89083 -1591.25 -742.5
89084 -1590 -740
89085 -1590 -740
89086 -1590 -740
89087 -1590 -740
89088 -1590 -740
89089 -1589 -738
89090 -1588 -736
89091 -1587 -734
89092 -1586 -732
89093 -1585 -730
89094 -1585 -730
89095 -1585 -730
89096 -1585 -730
89097 -1585 -730
89098 -1585 -728.75
89099 -1585 -727.5
89100 -1585 -726.25
89101 -1585 -725
89102 -1585 -725
89103 -1585 -725
89104 -1585 -725
89105 -1585 -725
89106 -1585 -723.75
89107 -1585 -722.5
89108 -1585 -721.25
89109 -1585 -720
89110 -1585 -720
89111 -1585 -720
89112 -1585 -720
89113 -1585 -720
89114 -1585 -720
89115 -1583.75 -718.75
89116 -1582.5 -717.5
89117 -1581.25 -716.25
89118 -1580 -715
89119 -1580 -715
89120 -1580 -715
89121 -1580 -715
89122 -1580 -715
89123 -1580 -712.5
89124 -1580 -710
89125 -1580 -707.5
89126 -1580 -705
89127 -1580 -705
89128 -1580 -705
89129 -1580 -705
89130 -1580 -705
89131 -1580 -705
89132 -1580 -705
89133 -1580 -705
89134 -1580 -705
89135 -1580 -705
89136 -1580 -705
89137 -1580 -705
89138 -1580 -705
89139 -1580 -705
89140 -1580 -703.75
89141 -1580 -702.5
89142 -1580 -701.25
89143 -1580 -700
89144 -1580 -700
89145 -1580 -700
89146 -1580 -700
89147 -1580 -700
89148 -1580 -700
89149 -1580 -700
89150 -1580 -700
89151 -1580 -700
89152 -1580 -700
89153 -1580 -700
89154 -1580 -700
89155 -1580 -700
89156 -1580 -700
89157 -1580 -698.75
89158 -1580 -697.5
89159 -1580 -696.25
89160 -1580 -695
89161 -1580 -695
89162 -1580 -695
89163 -1580 -695
89164 -1580 -695
89165 -1581 -694
89166 -1582 -693
89167 -1583 -692
89168 -1584 -691
89169 -1585 -690
89170 -1585 -690
89171 -1585 -690
89172 -1585 -690
89173 -1585 -690
89174 -1585 -690
89175 -1585 -690
89176 -1585 -690
89177 -1585 -690
89178 -1585 -690
89179 -1585 -690
89180 -1585 -690
89181 -1585 -690
89182 -1586 -690
89183 -1587 -690
89184 -1588 -690
89185 -1589 -690
89186 -1590 -690
89187 -1590 -690
89188 -1590 -690
89189 -1590 -690
89190 -1590 -690
89191 -1592.5 -690
89192 -1595 -690
89193 -1597.5 -690
89194 -1600 -690
89195 -1600 -690
89196 -1600 -690
89197 -1600 -690
89198 -1600 -690
89199 -1600 -690
89200 -1600 -690
89201 -1600 -690
89202 -1600 -690
89203 -1600 -690
89204 -1600 -690
89205 -1600 -690
89206 -1600 -690
89207 -1600 -690
89208 -1600 -690
89209 -1600 -690
89210 -1600 -690
89211 -1600 -690
89212 -1600 -690
89213 -1600 -690
89214 -1600 -690
89215 -1600 -690
89216 -1600 -690
89217 -1600 -690
89218 -1600 -690
89219 -1600 -690
89220 -1600 -690
89221 -1601.25 -688.75
89222 -1602.5 -687.5
89223 -1603.75 -686.25
89224 -1605 -685
89225 -1605 -685
89226 -1605 -685
89227 -1605 -685
89228 -1605 -685
89229 -1605 -685
89230 -1605 -685
89231 -1605 -685
89232 -1605 -685
89233 -1605 -685
89234 -1605 -685
89235 -1605 -685
89236 -1605 -685
89237 -1605 -685
89238 -1605 -683.75
89239 -1605 -682.5
89240 -1605 -681.25
89241 -1605 -680
89242 -1605 -680
89243 -1605 -680
89244 -1605 -680
89245 -1605 -680
89246 -1605 -679
89247 -1605 -678
89248 -1605 -677
89249 -1605 -676
89250 -1605 -675
89251 -1605 -675
89252 -1605 -675
89253 -1605 -675
89254 -1605 -675
89255 -1600 -670
89256 -1595 -665
89257 -1590 -660
89258 -1585 -655
89259 -1584 -654
89260 -1583 -653
89261 -1582 -652
89262 -1581 -651
89263 -1580 -650
89264 -1580 -650
89265 -1580 -650
89266 -1580 -650
89267 -1580 -650
89268 -1578.75 -648.75
89269 -1577.5 -647.5
89270 -1576.25 -646.25
89271 -1575 -645
89272 -1575 -645
89273 -1575 -645
89274 -1575 -645
89275 -1575 -645
89276 -1575 -645
89277 -1575 -645
89278 -1575 -645
89279 -1575 -645
89280 -1575 -645
89281 -1575 -645
89282 -1575 -645
89283 -1575 -645
89284 -1575 -645
89285 -1575 -645
89286 -1575 -645
89287 -1575 -645
89288 -1575 -645
89289 -1575 -645
89290 -1575 -645
89291 -1575 -645
89292 -1575 -645
89293 -1575 -645
89294 -1575 -645
89295 -1575 -645
89296 -1575 -645
89297 -1575 -645
89298 -1575 -645
89299 -1575 -645
89300 -1575 -645
89301 -1575 -645
89302 -1575 -645
89303 -1575 -645
89304 -1575 -645
89305 -1575 -645
89306 -1575 -645
89307 -1575 -645
89308 -1575 -645
89309 -1575 -645
89310 -1575 -645
89311 -1575 -645
89312 -1575 -645
89313 -1575 -645
89314 -1575 -645
89315 -1575 -645
89316 -1575 -645
89317 -1575 -645
89318 -1575 -645
89319 -1575 -645
89320 -1575 -645
89321 -1575 -645
89322 -1575 -645
89323 -1575 -645
89324 -1575 -645
89325 -1575 -645
89326 -1575 -645
89327 -1575 -645
89328 -1575 -645
89329 -1575 -645
89330 -1575 -645
89331 -1575 -645
89332 -1575 -645
89333 -1575 -645
89334 -1575 -645
89335 -1575 -645
89336 -1575 -645
89337 -1575 -645
89338 -1575 -645
89339 -1575 -645
89340 -1575 -645
89341 -1575 -645
89342 -1575 -645
89343 -1575 -645
89344 -1575 -645
89345 -1575 -645
89346 -1575 -645
89347 -1575 -645
89348 -1575 -645
89349 -1575 -645
89350 -1575 -645
89351 -1575 -645
89352 -1575 -645
89353 -1575 -645
89354 -1575 -645
89355 -1575 -645
89356 -1575 -645
89357 -1575 -645
89358 -1575 -645
89359 -1574 -645
89360 -1573 -645
89361 -1572 -645
89362 -1571 -645
89363 -1570 -645
89364 -1570 -645
89365 -1570 -645
89366 -1570 -645
89367 -1570 -645
89368 -1567.5 -645
89369 -1565 -645
89370 -1562.5 -645
89371 -1560 -645
89372 -1560 -645
89373 -1560 -645
89374 -1560 -645
89375 -1560 -645
89376 -1558.75 -645
89377 -1557.5 -645
89378 -1556.25 -645
89379 -1555 -645
89380 -1555 -645
89381 -1555 -645
89382 -1555 -645
89383 -1555 -645
89384 -1555 -645
89385 -1552.5 -645
89386 -1550 -645
89387 -1547.5 -645
89388 -1545 -645
89389 -1545 -645
89390 -1545 -645
89391 -1545 -645
89392 -1545 -645
89393 -1543.75 -645
89394 -1542.5 -645
89395 -1541.25 -645
89396 -1540 -645
89397 -1540 -645
89398 -1540 -645
89399 -1540 -645
89400 -1540 -645
89401 -1540 -645
89402 -1537.5 -643.75
89403 -1535 -642.5
89404 -1532.5 -641.25
89405 -1530 -640
89406 -1530 -640
89407 -1530 -640
89408 -1530 -640
89409 -1530 -640
89410 -1528.75 -638.75
89411 -1527.5 -637.5
89412 -1526.25 -636.25
89413 -1525 -635
89414 -1525 -635
89415 -1525 -635
89416 -1525 -635
89417 -1525 -635
89418 -1524 -634
89419 -1523 -633
89420 -1522 -632
89421 -1521 -631
89422 -1520 -630
89423 -1520 -630
89424 -1520 -630
89425 -1520 -630
89426 -1520 -630
89427 -1520 -630
89428 -1520 -630
89429 -1520 -630
89430 -1520 -630
89431 -1520 -630
89432 -1520 -630
89433 -1520 -630
89434 -1520 -630
89435 -1520 -630
89436 -1520 -630
89437 -1520 -630
89438 -1520 -630
89439 -1520 -630
89440 -1520 -630
89441 -1520 -630
89442 -1520 -630
89443 -1520 -630
89444 -1520 -630
89445 -1520 -630
89446 -1520 -630
89447 -1520 -630
89448 -1520 -630
89449 -1520 -630
89450 -1520 -630
89451 -1520 -630
89452 -1520 -630
89453 -1520 -630
89454 -1520 -630
89455 -1520 -630
89456 -1520 -630
89457 -1520 -630
89458 -1520 -630
89459 -1520 -630
89460 -1520 -630
89461 -1520 -630
89462 -1520 -630
89463 -1520 -630
89464 -1520 -630
89465 -1520 -630
89466 -1520 -630
89467 -1520 -630
89468 -1520 -630
89469 -1520 -630
89470 -1520 -630
89471 -1520 -630
89472 -1520 -630
89473 -1520 -630
89474 -1520 -630
89475 -1520 -630
89476 -1520 -630
89477 -1520 -630
89478 -1520 -630
89479 -1520 -630
89480 -1520 -630
89481 -1520 -630
89482 -1520 -630
89483 -1520 -630
89484 -1520 -630
89485 -1520 -628.75
89486 -1520 -627.5
89487 -1520 -626.25
89488 -1520 -625
89489 -1520 -625
89490 -1520 -625
89491 -1520 -625
89492 -1520 -625
89493 -1520 -625
89494 -1520 -625
89495 -1520 -625
89496 -1520 -625
89497 -1520 -625
89498 -1520 -625
89499 -1520 -625
89500 -1520 -625
89501 -1520 -625
89502 -1520 -625
89503 -1520 -625
89504 -1520 -625
89505 -1520 -625
89506 -1520 -624
89507 -1520 -623
89508 -1520 -622
89509 -1520 -621
89510 -1520 -620
89511 -1520 -620
89512 -1520 -620
89513 -1520 -620
89514 -1520 -620
89515 -1520 -620
89516 -1520 -620
89517 -1520 -620
89518 -1520 -620
89519 -1520 -618.75
89520 -1520 -617.5
89521 -1520 -616.25
89522 -1520 -615
89523 -1520 -615
89524 -1520 -615
89525 -1520 -615
89526 -1520 -615
89527 -1516 -611
89528 -1512 -607
89529 -1508 -603
89530 -1504 -599
89531 -1500 -595
89532 -1500 -595
89533 -1500 -595
89534 -1500 -595
89535 -1500 -595
89536 -1500 -595
89537 -1500 -595
89538 -1500 -595
89539 -1500 -595
89540 -1500 -595
89541 -1498.75 -593.75
89542 -1497.5 -592.5
89543 -1496.25 -591.25
89544 -1495 -590
89545 -1495 -590
89546 -1495 -590
89547 -1495 -590
89548 -1495 -590
89549 -1495 -588.75
89550 -1495 -587.5
89551 -1495 -586.25
89552 -1495 -585
89553 -1495 -585
89554 -1495 -585
89555 -1495 -585
89556 -1495 -585
89557 -1495 -585
89558 -1495 -583.75
89559 -1495 -582.5
89560 -1495 -581.25
89561 -1495 -580
89562 -1495 -580
89563 -1495 -580
89564 -1495 -580
89565 -1495 -580
89566 -1495 -578.75
89567 -1495 -577.5
89568 -1495 -576.25
89569 -1495 -575
89570 -1495 -575
89571 -1495 -575
89572 -1495 -575
89573 -1495 -575
89574 -1495 -574
89575 -1495 -573
89576 -1495 -572
89577 -1495 -571
89578 -1495 -570
89579 -1495 -570
89580 -1495 -570
89581 -1495 -570
89582 -1495 -570
89583 -1495 -570
89584 -1495 -570
89585 -1495 -570
89586 -1495 -570
89587 -1495 -570
89588 -1495 -570
89589 -1495 -570
89590 -1495 -570
89591 -1495 -570
89592 -1495 -570
89593 -1495 -570
89594 -1495 -570
89595 -1495 -570
89596 -1495 -570
89597 -1495 -570
89598 -1495 -570
89599 -1495 -570
89600 -1495 -570
89601 -1495 -570
89602 -1495 -570
89603 -1495 -570
89604 -1495 -570
89605 -1495 -570
89606 -1495 -570
89607 -1495 -570
89608 -1495 -570
89609 -1495 -570
89610 -1495 -570
89611 -1495 -570
89612 -1495 -568.75
89613 -1495 -567.5
89614 -1495 -566.25
89615 -1495 -565
89616 -1495 -565
89617 -1495 -565
89618 -1495 -565
89619 -1495 -565
89620 -1495 -565
89621 -1495 -565
89622 -1495 -565
89623 -1495 -565
89624 -1495 -565
89625 -1495 -565
89626 -1495 -565
89627 -1495 -565
89628 -1495 -565
89629 -1495 -565
89630 -1495 -565
89631 -1495 -565
89632 -1495 -565
89633 -1495 -565
89634 -1495 -565
89635 -1495 -565
89636 -1495 -565
89637 -1495 -565
89638 -1495 -565
89639 -1495 -565
89640 -1495 -565
89641 -1495 -565
89642 -1495 -563.75
89643 -1495 -562.5
89644 -1495 -561.25
89645 -1495 -560
89646 -1495 -560
89647 -1495 -560
89648 -1495 -560
89649 -1495 -560
89650 -1495 -560
89651 -1495 -560
89652 -1495 -560
89653 -1495 -560
89654 -1495 -558.75
89655 -1495 -557.5
89656 -1495 -556.25
89657 -1495 -555
89658 -1495 -555
89659 -1495 -555
89660 -1495 -555
89661 -1495 -555
89662 -1495 -555
89663 -1495 -553.75
89664 -1495 -552.5
89665 -1495 -551.25
89666 -1495 -550
89667 -1495 -550
89668 -1495 -550
89669 -1495 -550
89670 -1495 -550
89671 -1495 -548.75
89672 -1495 -547.5
89673 -1495 -546.25
89674 -1495 -545
89675 -1495 -545
89676 -1495 -545
89677 -1495 -545
89678 -1495 -545
89679 -1495 -543
89680 -1495 -541
89681 -1495 -539
89682 -1495 -537
89683 -1495 -535
89684 -1495 -535
89685 -1495 -535
89686 -1495 -535
89687 -1495 -535
89688 -1496.25 -533.75
89689 -1497.5 -532.5
89690 -1498.75 -531.25
89691 -1500 -530
89692 -1500 -530
89693 -1500 -530
89694 -1500 -530
89695 -1500 -530
89696 -1500 -530
89697 -1500 -530
89698 -1500 -530
89699 -1500 -530
89700 -1500 -530
89701 -1500 -528.75
89702 -1500 -527.5
89703 -1500 -526.25
89704 -1500 -525
89705 -1500 -525
89706 -1500 -525
89707 -1500 -525
89708 -1500 -525
89709 -1500 -525
89710 -1500 -525
89711 -1500 -525
89712 -1500 -525
89713 -1500 -525
89714 -1500 -525
89715 -1500 -525
89716 -1500 -525
89717 -1500 -525
89718 -1500 -525
89719 -1500 -525
89720 -1500 -525
89721 -1500 -525
89722 -1501.25 -523.75
89723 -1502.5 -522.5
89724 -1503.75 -521.25
89725 -1505 -520
89726 -1505 -520
89727 -1505 -520
89728 -1505 -520
89729 -1505 -520
89730 -1505 -520
89731 -1505 -520
89732 -1505 -520
89733 -1505 -520
89734 -1505 -520
89735 -1505 -520
89736 -1505 -520
89737 -1505 -520
89738 -1505 -520
89739 -1505 -520
89740 -1505 -520
89741 -1505 -520
89742 -1505 -520
89743 -1505 -520
89744 -1505 -520
89745 -1505 -520
89746 -1505 -520
89747 -1505 -520
89748 -1505 -520
89749 -1505 -520
89750 -1505 -520
89751 -1505 -520
89752 -1505 -520
89753 -1505 -520
89754 -1505 -520
89755 -1505 -520
89756 -1505 -520
89757 -1505 -520
89758 -1505 -520
89759 -1505 -520
89760 -1505 -520
89761 -1505 -520
89762 -1505 -520
89763 -1505 -520
89764 -1505 -520
89765 -1505 -520
89766 -1505 -520
89767 -1505 -520
89768 -1505 -520
89769 -1505 -520
89770 -1505 -520
89771 -1505 -520
89772 -1505 -520
89773 -1505 -520
89774 -1505 -520
89775 -1505 -520
89776 -1505 -520
89777 -1505 -520
89778 -1505 -520
89779 -1505 -520
89780 -1505 -520
89781 -1505 -520
89782 -1505 -520
89783 -1505 -520
89784 -1505 -520
89785 -1505 -520
89786 -1505 -520
89787 -1505 -520
89788 -1506 -518
89789 -1507 -516
89790 -1508 -514
89791 -1509 -512
89792 -1510 -510
89793 -1510 -510
89794 -1510 -510
89795 -1510 -510
89796 -1510 -510
89797 -1510 -510
89798 -1510 -510
89799 -1510 -510
89800 -1510 -510
89801 -1510 -510
89802 -1510 -510
89803 -1510 -510
89804 -1510 -510
89805 -1510 -510
89806 -1510 -510
89807 -1510 -510
89808 -1510 -510
89809 -1511 -509
89810 -1512 -508
89811 -1513 -507
89812 -1514 -506
89813 -1515 -505
89814 -1515 -505
89815 -1515 -505
89816 -1515 -505
89817 -1515 -505
89818 -1515 -505
89819 -1515 -505
89820 -1515 -505
89821 -1515 -505
89822 -1515 -505
89823 -1515 -505
89824 -1515 -505
89825 -1515 -505
89826 -1515 -505
89827 -1515 -505
89828 -1515 -505
89829 -1515 -505
89830 -1516 -504
89831 -1517 -503
89832 -1518 -502
89833 -1519 -501
89834 -1520 -500
89835 -1520 -500
89836 -1520 -500
89837 -1520 -500
89838 -1520 -500
89839 -1520 -500
89840 -1520 -500
89841 -1520 -500
89842 -1520 -500
89843 -1520 -500
89844 -1520 -500
89845 -1520 -500
89846 -1520 -500
89847 -1520 -500
89848 -1520 -500
89849 -1520 -500
89850 -1520 -500
89851 -1520 -500
89852 -1520 -500
89853 -1520 -500
89854 -1520 -500
89855 -1520 -500
89856 -1520 -500
89857 -1520 -500
89858 -1520 -500
89859 -1520 -500
89860 -1520 -500
89861 -1520 -500
89862 -1520 -500
89863 -1520 -500
89864 -1520 -500
89865 -1520 -500
89866 -1520 -500
89867 -1520 -500
89868 -1520 -500
89869 -1520 -500
89870 -1520 -500
89871 -1520 -500
89872 -1520 -500
89873 -1520 -500
89874 -1520 -500
89875 -1520 -500
89876 -1520 -500
89877 -1520 -500
89878 -1520 -500
89879 -1520 -500
89880 -1520 -500
89881 -1520 -500
89882 -1520 -500
89883 -1520 -500
89884 -1520 -500
89885 -1520 -500
89886 -1520 -500
89887 -1520 -500
89888 -1520 -500
89889 -1520 -500
89890 -1520 -500
89891 -1520 -500
89892 -1520 -500
89893 -1520 -500
89894 -1520 -500
89895 -1520 -500
89896 -1520 -500
89897 -1520 -500
89898 -1520 -500
89899 -1520 -500
89900 -1520 -500
89901 -1520 -500
89902 -1520 -500
89903 -1520 -500
89904 -1520 -500
89905 -1520 -500
89906 -1520 -500
89907 -1520 -500
89908 -1520 -500
89909 -1520 -500
89910 -1520 -500
89911 -1520 -500
89912 -1520 -500
89913 -1520 -500
89914 -1520 -500
89915 -1520 -500
89916 -1520 -500
89917 -1520 -500
89918 -1520 -500
89919 -1520 -500
89920 -1520 -500
89921 -1520 -500
89922 -1520 -500
89923 -1520 -500
89924 -1520 -500
89925 -1520 -500
89926 -1520 -500
89927 -1520 -500
89928 -1520 -500
89929 -1520 -500
89930 -1520 -500
89931 -1520 -500
89932 -1520 -500
89933 -1520 -500
89934 -1520 -500
89935 -1520 -500
89936 -1520 -500
89937 -1520 -500
89938 -1520 -500
89939 -1520 -500
89940 -1520 -500
89941 -1520 -500
89942 -1520 -500
89943 -1520 -500
89944 -1520 -500
89945 -1520 -500
89946 -1520 -500
89947 -1520 -500
89948 -1520 -500
89949 -1520 -500
89950 -1520 -500
89951 -1520 -500
89952 -1520 -500
89953 -1520 -500
89954 -1520 -500
89955 -1520 -500
89956 -1520 -500
89957 -1520 -500
89958 -1520 -500
89959 -1520 -500
89960 -1520 -500
89961 -1520 -500
89962 -1520 -500
89963 -1520 -500
89964 -1520 -500
89965 -1520 -500
89966 -1520 -500
89967 -1520 -500
89968 -1520 -500
89969 -1520 -500
89970 -1520 -500
89971 -1520 -500
89972 -1520 -500
89973 -1520 -500
89974 -1520 -500
89975 -1520 -500
89976 -1520 -500
89977 -1520 -498.75
89978 -1520 -497.5
89979 -1520 -496.25
89980 -1520 -495
89981 -1520 -495
89982 -1520 -495
89983 -1520 -495
89984 -1520 -495
89985 -1520 -495
89986 -1520 -495
89987 -1520 -495
89988 -1520 -495
89989 -1520 -495
89990 -1520 -495
89991 -1520 -495
89992 -1520 -495
89993 -1520 -495
89994 -1520 -495
89995 -1520 -495
89996 -1520 -495
89997 -1520 -495
89998 -1520 -495
89999 -1520 -495
90000 -1520 -495
90001 -1520 -495
90002 -1520 -495
90003 -1520 -495
90004 -1520 -495
90005 -1520 -495
90006 -1520 -495
90007 -1520 -495
90008 -1520 -495
90009 -1520 -495
90010 -1520 -495
90011 -1520 -495
90012 -1520 -495
90013 -1520 -495
90014 -1520 -495
90015 -1520 -495
90016 -1520 -495
90017 -1520 -495
90018 -1520 -495
90019 -1520 -495
90020 -1520 -495
90021 -1520 -495
90022 -1520 -495
90023 -1520 -495
90024 -1520 -495
90025 -1520 -495
90026 -1520 -495
90027 -1520 -495
90028 -1520 -495
90029 -1520 -495
90030 -1520 -495
90031 -1520 -495
90032 -1520 -495
90033 -1520 -495
90034 -1520 -495
90035 -1520 -495
90036 -1520 -495
90037 -1520 -495
90038 -1520 -495
90039 -1520 -495
90040 -1520 -495
90041 -1520 -495
90042 -1520 -495
90043 -1520 -495
90044 -1520 -495
90045 -1520 -495
90046 -1520 -495
90047 -1520 -495
90048 -1520 -495
90049 -1520 -495
90050 -1520 -495
90051 -1520 -495
90052 -1520 -495
90053 -1520 -495
90054 -1520 -495
90055 -1520 -495
90056 -1520 -495
90057 -1520 -495
90058 -1520 -495
90059 -1520 -495
90060 -1520 -495
90061 -1520 -495
90062 -1520 -495
90063 -1520 -495
90064 -1520 -495
90065 -1520 -495
90066 -1520 -495
90067 -1520 -495
90068 -1520 -495
90069 -1520 -495
90070 -1520 -495
90071 -1520 -495
90072 -1520 -495
90073 -1520 -495
90074 -1520 -495
90075 -1520 -495
90076 -1520 -495
90077 -1520 -495
90078 -1520 -495
90079 -1520 -495
90080 -1520 -495
90081 -1520 -495
90082 -1520 -495
90083 -1520 -495
90084 -1520 -495
90085 -1520 -495
90086 -1520 -495
90087 -1520 -495
90088 -1520 -495
90089 -1520 -495
90090 -1520 -495
90091 -1520 -495
90092 -1520 -495
90093 -1520 -495
90094 -1520 -495
90095 -1520 -495
90096 -1520 -495
90097 -1520 -495
90098 -1520 -495
90099 -1520 -495
90100 -1520 -495
90101 -1520 -495
90102 -1520 -495
90103 -1520 -495
90104 -1520 -495
90105 -1520 -495
90106 -1520 -495
90107 -1520 -495
90108 -1520 -495
90109 -1520 -495
90110 -1520 -495
90111 -1520 -495
90112 -1520 -495
90113 -1520 -495
90114 -1520 -495
90115 -1520 -495
90116 -1520 -495
90117 -1520 -495
90118 -1520 -495
90119 -1520 -495
90120 -1520 -495
90121 -1520 -495
90122 -1520 -495
90123 -1520 -495
90124 -1520 -495
90125 -1520 -495
90126 -1520 -495
90127 -1520 -495
90128 -1520 -495
90129 -1520 -495
90130 -1520 -495
90131 -1520 -495
90132 -1520 -495
90133 -1520 -495
90134 -1520 -495
90135 -1520 -495
90136 -1520 -495
90137 -1520 -495
90138 -1520 -495
90139 -1520 -495
90140 -1520 -495
90141 -1520 -495
90142 -1520 -495
90143 -1520 -495
90144 -1520 -495
90145 -1520 -495
90146 -1520 -495
90147 -1520 -495
90148 -1520 -495
90149 -1520 -495
90150 -1520 -495
90151 -1520 -495
90152 -1520 -495
90153 -1520 -495
90154 -1520 -495
90155 -1520 -495
90156 -1520 -495
90157 -1520 -495
90158 -1520 -495
90159 -1520 -495
90160 -1520 -495
90161 -1520 -495
90162 -1520 -495
90163 -1520 -495
90164 -1520 -495
90165 -1520 -495
90166 -1520 -495
90167 -1520 -495
90168 -1520 -495
90169 -1520 -495
90170 -1520 -495
90171 -1520 -495
90172 -1520 -495
90173 -1520 -495
90174 -1520 -495
90175 -1520 -495
90176 -1520 -495
90177 -1520 -495
90178 -1520 -495
90179 -1520 -495
90180 -1520 -495
90181 -1520 -495
90182 -1520 -495
90183 -1520 -495
90184 -1520 -495
90185 -1520 -495
90186 -1520 -495
90187 -1520 -495
90188 -1520 -495
90189 -1520 -495
90190 -1520 -495
90191 -1520 -495
90192 -1520 -495
90193 -1520 -495
90194 -1520 -495
90195 -1520 -495
90196 -1520 -495
90197 -1520 -495
90198 -1520 -495
90199 -1520 -495
90200 -1520 -495
90201 -1520 -495
90202 -1520 -495
90203 -1520 -495
90204 -1520 -495
90205 -1520 -495
90206 -1520 -495
90207 -1520 -495
90208 -1520 -495
90209 -1520 -495
90210 -1520 -495
90211 -1520 -495
90212 -1520 -495
90213 -1520 -495
90214 -1520 -495
90215 -1520 -495
90216 -1520 -495
90217 -1520 -495
90218 -1520 -495
90219 -1520 -495
90220 -1520 -495
90221 -1520 -495
90222 -1520 -495
90223 -1520 -495
90224 -1520 -495
90225 -1520 -495
90226 -1520 -495
90227 -1520 -495
90228 -1520 -495
90229 -1520 -495
90230 -1520 -495
90231 -1520 -495
90232 -1520 -495
90233 -1520 -495
90234 -1520 -495
90235 -1520 -495
90236 -1520 -495
90237 -1520 -495
90238 -1520 -495
90239 -1520 -495
90240 -1520 -495
90241 -1520 -495
90242 -1520 -495
90243 -1520 -495
90244 -1520 -495
90245 -1520 -495
90246 -1520 -495
90247 -1520 -495
90248 -1520 -495
90249 -1520 -495
90250 -1520 -495
90251 -1520 -495
90252 -1520 -495
90253 -1520 -495
90254 -1520 -495
90255 -1520 -495
90256 -1520 -495
90257 -1520 -495
90258 -1520 -495
90259 -1520 -495
90260 -1520 -495
90261 -1520 -495
90262 -1520 -495
90263 -1520 -495
90264 -1520 -495
90265 -1520 -495
90266 -1520 -495
90267 -1520 -495
90268 -1520 -495
90269 -1520 -495
90270 -1520 -495
90271 -1520 -495
90272 -1520 -495
90273 -1520 -495
90274 -1520 -495
90275 -1520 -495
90276 -1520 -495
90277 -1520 -495
90278 -1520 -495
90279 -1520 -495
90280 -1520 -495
90281 -1520 -495
90282 -1520 -495
90283 -1520 -495
90284 -1520 -495
90285 -1520 -495
90286 -1520 -495
90287 -1520 -495
90288 -1520 -495
90289 -1520 -495
90290 -1520 -495
90291 -1520 -495
90292 -1520 -495
90293 -1520 -495
90294 -1520 -495
90295 -1520 -495
90296 -1520 -495
90297 -1520 -495
