77233 1515 -1240
77234 1515 -1240
77235 1515 -1240
77236 1515 -1240
77237 1515 -1240
77238 1515 -1240
77239 1515 -1240
77240 1515 -1240
77241 1515 -1240
77242 1515 -1240
77243 1515 -1240
77244 1515 -1240
77245 1515 -1240
77246 1515 -1240
77247 1515 -1240
77248 1515 -1240
77249 1515 -1240
77250 1515 -1240
77251 1515 -1240
77252 1515 -1240
77253 1515 -1240
77254 1515 -1240
77255 1515 -1240
77256 1515 -1240
77257 1515 -1240
77258 1515 -1240
77259 1515 -1240
77260 1515 -1240
77261 1515 -1240
77262 1515 -1240
77263 1515 -1240
77264 1515 -1240
77265 1515 -1240
77266 1515 -1240
77267 1515 -1240
77268 1515 -1240
77269 1515 -1240
77270 1515 -1240
77271 1515 -1240
77272 1515 -1240
77273 1515 -1240
77274 1515 -1240
77275 1515 -1240
77276 1515 -1240
77277 1515 -1240
77278 1515 -1240
77279 1515 -1240
77280 1515 -1240
77281 1515 -1240
77282 1515 -1240
77283 1515 -1240
77284 1515 -1240
77285 1515 -1240
77286 1515 -1240
77287 1515 -1240
77288 1515 -1240
77289 1515 -1240
77290 1515 -1240
77291 1515 -1240
77292 1515 -1240
77293 1515 -1240
77294 1515 -1240
77295 1515 -1240
77296 1515 -1240
77297 1515 -1240
77298 1515 -1240
77299 1515 -1240
77300 1515 -1240
77301 1515 -1240
77302 1515 -1240
77303 1515 -1240
77304 1515 -1240
77305 1515 -1240
77306 1515 -1240
77307 1515 -1240
77308 1515 -1240
77309 1515 -1240
77310 1515 -1240
77311 1515 -1240
77312 1515 -1240
77313 1515 -1240
77314 1515 -1240
77315 1515 -1240
77316 1515 -1240
77317 1515 -1240
77318 1515 -1240
77319 1515 -1240
77320 1515 -1240
77321 1515 -1240
77322 1515 -1240
77323 1515 -1240
77324 1515 -1240
77325 1515 -1240
77326 1515 -1240
77327 1515 -1240
77328 1515 -1240
77329 1515 -1240
77330 1515 -1240
77331 1515 -1240
77332 1515 -1240
77333 1515 -1240
77334 1515 -1240
77335 1515 -1240
77336 1515 -1240
77337 1515 -1240
77338 1515 -1240
77339 1515 -1240
77340 1515 -1240
77341 1515 -1240
77342 1515 -1240
77343 1515 -1240
77344 1515 -1240
77345 1515 -1240
77346 1515 -1240
77347 1515 -1240
77348 1515 -1240
77349 1515 -1240
77350 1515 -1240
77351 1515 -1240
77352 1515 -1240
77353 1515 -1240
77354 1515 -1240
77355 1515 -1240
77356 1515 -1240
77357 1515 -1240
77358 1515 -1240
77359 1515 -1240
77360 1515 -1240
77361 1515 -1240
77362 1515 -1240
77363 1515 -1240
77364 1515 -1240
77365 1515 -1240
77366 1515 -1240
77367 1515 -1240
77368 1515 -1240
77369 1515 -1240
77370 1515 -1240
77371 1515 -1240
77372 1515 -1240
77373 1515 -1240
77374 1515 -1240
77375 1515 -1240
77376 1515 -1240
77377 1515 -1240
77378 1515 -1240
77379 1515 -1240
77380 1515 -1240
77381 1515 -1240
77382 1515 -1240
77383 1515 -1240
77384 1515 -1240
77385 1515 -1240
77386 1515 -1240
77387 1515 -1240
77388 1515 -1240
77389 1515 -1240
77390 1515 -1240
77391 1515 -1240
77392 1515 -1240
77393 1515 -1240
77394 1515 -1240
77395 1515 -1240
77396 1515 -1240
77397 1515 -1240
77398 1515 -1240
77399 1515 -1240
77400 1515 -1240
77401 1515 -1240
77402 1515 -1240
77403 1515 -1240
77404 1515 -1240
77405 1515 -1240
77406 1515 -1240
77407 1515 -1240
77408 1515 -1240
77409 1515 -1240
77410 1515 -1240
77411 1515 -1240
77412 1515 -1240
77413 1515 -1240
77414 1515 -1240
77415 1515 -1240
77416 1515 -1240
77417 1515 -1240
77418 1515 -1240
77419 1515 -1240
77420 1515 -1240
77421 1515 -1240
77422 1515 -1240
77423 1515 -1240
77424 1515 -1240
77425 1515 -1240
77426 1515 -1240
77427 1515 -1240
77428 1515 -1240
77429 1515 -1240
77430 1515 -1240
77431 1515 -1240
77432 1515 -1240
77433 1515 -1240
77434 1515 -1240
77435 1515 -1240
77436 1515 -1240
77437 1515 -1240
77438 1515 -1240
77439 1515 -1240
77440 1515 -1240
77441 1515 -1240
77442 1515 -1240
77443 1515 -1240
77444 1515 -1240
77445 1515 -1240
77446 1515 -1240
77447 1515 -1240
77448 1515 -1240
77449 1515 -1240
77450 1515 -1240
77451 1515 -1240
77452 1515 -1240
77453 1515 -1240
77454 1515 -1240
77455 1515 -1240
77456 1515 -1240
77457 1515 -1240
77458 1515 -1240
77459 1515 -1240
77460 1515 -1240
77461 1515 -1240
77462 1515 -1240
77463 1515 -1240
77464 1515 -1240
77465 1515 -1240
77466 1515 -1240
77467 1515 -1240
77468 1515 -1240
77469 1515 -1240
77470 1515 -1240
77471 1515 -1240
77472 1515 -1240
77473 1515 -1240
77474 1515 -1240
77475 1515 -1240
77476 1515 -1240
77477 1515 -1240
77478 1515 -1240
77479 1515 -1240
77480 1515 -1240
77481 1515 -1240
77482 1515 -1240
77483 1515 -1240
77484 1515 -1240
77485 1515 -1240
77486 1515 -1240
77487 1515 -1240
77488 1515 -1240
77489 1515 -1240
77490 1515 -1240
77491 1515 -1240
77492 1515 -1240
77493 1515 -1240
77494 1515 -1240
77495 1515 -1240
77496 1515 -1240
77497 1515 -1240
77498 1515 -1240
77499 1515 -1240
77500 1515 -1240
77501 1515 -1240
77502 1515 -1240
77503 1515 -1240
77504 1515 -1240
77505 1515 -1240
77506 1515 -1240
77507 1515 -1240
77508 1515 -1240
77509 1515 -1240
77510 1515 -1240
77511 1515 -1240
77512 1515 -1240
77513 1515 -1240
77514 1515 -1240
77515 1515 -1240
77516 1515 -1240
77517 1515 -1240
77518 1515 -1240
77519 1515 -1240
77520 1515 -1240
77521 1515 -1240
77522 1515 -1240
77523 1515 -1240
77524 1515 -1240
77525 1515 -1240
77526 1515 -1240
77527 1515 -1240
77528 1515 -1240
77529 1515 -1240
77530 1515 -1240
77531 1515 -1240
77532 1515 -1240
77533 1515 -1240
77534 1515 -1240
77535 1515 -1240
77536 1515 -1240
77537 1515 -1240
77538 1515 -1240
77539 1515 -1240
77540 1515 -1240
77541 1515 -1240
77542 1515 -1240
77543 1515 -1240
77544 1515 -1240
77545 1515 -1240
77546 1515 -1240
77547 1515 -1240
77548 1515 -1240
77549 1515 -1240
77550 1515 -1240
77551 1515 -1240
77552 1515 -1240
77553 1515 -1240
77554 1515 -1240
77555 1515 -1240
77556 1515 -1240
77557 1515 -1240
77558 1515 -1240
77559 1515 -1240
77560 1515 -1240
77561 1515 -1240
77562 1515 -1240
77563 1515 -1240
77564 1515 -1240
77565 1515 -1240
77566 1515 -1240
77567 1515 -1240
77568 1515 -1240
77569 1515 -1240
77570 1515 -1240
77571 1515 -1240
77572 1515 -1240
77573 1515 -1240
77574 1515 -1240
77575 1515 -1240
77576 1515 -1240
77577 1515 -1240
77578 1515 -1240
77579 1515 -1240
77580 1515 -1240
77581 1515 -1240
77582 1515 -1240
77583 1515 -1240
77584 1515 -1240
77585 1515 -1240
77586 1515 -1240
77587 1515 -1240
77588 1515 -1240
77589 1515 -1240
77590 1515 -1240
77591 1515 -1240
77592 1515 -1240
77593 1515 -1240
77594 1515 -1240
77595 1515 -1240
77596 1515 -1240
77597 1515 -1240
77598 1515 -1240
77599 1515 -1240
77600 1515 -1240
77601 1515 -1240
77602 1515 -1240
77603 1515 -1240
77604 1515 -1240
77605 1515 -1240
77606 1515 -1240
77607 1515 -1240
77608 1515 -1240
77609 1515 -1240
77610 1515 -1240
77611 1515 -1240
77612 1515 -1240
77613 1515 -1240
77614 1515 -1240
77615 1515 -1240
77616 1515 -1240
77617 1515 -1240
77618 1515 -1240
77619 1515 -1240
77620 1515 -1240
77621 1515 -1240
77622 1515 -1240
77623 1515 -1240
77624 1515 -1240
77625 1515 -1240
77626 1515 -1240
77627 1515 -1240
77628 1515 -1240
77629 1515 -1240
77630 1515 -1240
77631 1515 -1240
77632 1515 -1240
77633 1515 -1240
77634 1515 -1240
77635 1515 -1240
77636 1515 -1240
77637 1515 -1240
77638 1515 -1240
77639 1515 -1240
77640 1515 -1240
77641 1515 -1240
77642 1515 -1240
77643 1515 -1240
77644 1515 -1240
77645 1515 -1240
77646 1515 -1240
77647 1515 -1240
77648 1515 -1240
77649 1515 -1240
77650 1515 -1240
77651 1515 -1240
77652 1515 -1240
77653 1515 -1240
77654 1515 -1240
77655 1515 -1240
77656 1515 -1240
77657 1515 -1240
77658 1515 -1240
77659 1515 -1240
77660 1515 -1240
77661 1515 -1240
77662 1515 -1240
77663 1515 -1240
77664 1515 -1240
77665 1515 -1240
77666 1515 -1240
77667 1515 -1240
77668 1515 -1240
77669 1515 -1240
77670 1515 -1240
77671 1515 -1240
77672 1515 -1240
77673 1515 -1240
77674 1515 -1240
77675 1515 -1240
77676 1515 -1240
77677 1515 -1240
77678 1515 -1240
77679 1515 -1240
77680 1515 -1240
77681 1515 -1240
77682 1515 -1240
77683 1515 -1240
77684 1515 -1240
77685 1515 -1240
77686 1515 -1240
77687 1515 -1240
77688 1515 -1240
77689 1515 -1240
77690 1515 -1240
77691 1515 -1240
77692 1515 -1240
77693 1515 -1240
77694 1515 -1240
77695 1515 -1240
77696 1515 -1240
77697 1515 -1240
77698 1515 -1240
77699 1515 -1240
77700 1515 -1240
77701 1515 -1240
77702 1515 -1240
77703 1515 -1240
77704 1515 -1240
77705 1515 -1240
77706 1515 -1240
77707 1515 -1240
77708 1515 -1240
77709 1515 -1240
77710 1515 -1240
77711 1515 -1240
77712 1515 -1240
77713 1515 -1240
77714 1515 -1240
77715 1515 -1240
77716 1515 -1240
77717 1515 -1240
77718 1515 -1240
77719 1515 -1240
77720 1515 -1240
77721 1515 -1240
77722 1515 -1240
77723 1515 -1240
77724 1515 -1240
77725 1515 -1240
77726 1515 -1240
77727 1515 -1240
77728 1515 -1240
77729 1515 -1240
77730 1515 -1240
77731 1515 -1240
77732 1515 -1240
77733 1515 -1240
77734 1515 -1240
77735 1515 -1240
77736 1515 -1240
77737 1515 -1240
77738 1515 -1240
77739 1515 -1240
77740 1515 -1240
77741 1515 -1240
77742 1515 -1240
77743 1515 -1240
77744 1515 -1240
77745 1515 -1240
77746 1515 -1240
77747 1515 -1240
77748 1515 -1240
77749 1515 -1240
77750 1515 -1240
77751 1515 -1240
77752 1515 -1240
77753 1515 -1240
77754 1515 -1240
77755 1515 -1240
77756 1515 -1240
77757 1515 -1240
77758 1515 -1240
77759 1515 -1240
77760 1515 -1240
77761 1515 -1240
77762 1515 -1240
77763 1515 -1240
77764 1515 -1240
77765 1515 -1240
77766 1515 -1240
77767 1515 -1240
77768 1515 -1240
77769 1515 -1240
77770 1515 -1240
77771 1515 -1240
77772 1515 -1240
77773 1515 -1240
77774 1515 -1240
77775 1515 -1240
77776 1515 -1240
77777 1515 -1240
77778 1515 -1240
77779 1515 -1240
77780 1515 -1240
77781 1515 -1240
77782 1515 -1240
77783 1515 -1240
77784 1515 -1240
77785 1515 -1240
77786 1515 -1240
77787 1515 -1240
77788 1515 -1240
77789 1515 -1240
77790 1515 -1240
77791 1515 -1240
77792 1515 -1240
77793 1515 -1240
77794 1515 -1240
77795 1515 -1240
77796 1515 -1240
77797 1515 -1240
77798 1515 -1240
77799 1515 -1240
77800 1515 -1240
77801 1515 -1240
77802 1515 -1240
77803 1515 -1240
77804 1515 -1240
77805 1515 -1240
77806 1515 -1240
77807 1515 -1240
77808 1515 -1240
77809 1515 -1240
77810 1515 -1240
77811 1515 -1240
77812 1515 -1240
77813 1515 -1240
77814 1515 -1240
77815 1515 -1240
77816 1515 -1240
77817 1515 -1240
77818 1515 -1240
77819 1515 -1240
77820 1515 -1240
77821 1515 -1240
77822 1515 -1240
77823 1515 -1240
77824 1515 -1240
77825 1515 -1240
77826 1515 -1240
77827 1515 -1240
77828 1515 -1240
77829 1515 -1240
77830 1515 -1240
77831 1515 -1240
77832 1515 -1240
77833 1515 -1240
77834 1515 -1240
77835 1515 -1240
77836 1515 -1240
77837 1515 -1240
77838 1515 -1240
77839 1515 -1240
77840 1515 -1240
77841 1515 -1240
77842 1515 -1240
77843 1515 -1240
77844 1515 -1240
77845 1515 -1240
77846 1515 -1240
77847 1515 -1240
77848 1515 -1240
77849 1515 -1240
77850 1515 -1240
77851 1515 -1240
77852 1515 -1240
77853 1515 -1240
77854 1515 -1240
77855 1515 -1240
77856 1515 -1240
77857 1515 -1240
77858 1515 -1240
77859 1515 -1240
77860 1515 -1240
77861 1515 -1240
77862 1515 -1240
77863 1515 -1240
77864 1515 -1240
77865 1515 -1240
77866 1515 -1240
77867 1515 -1240
77868 1515 -1240
77869 1515 -1240
77870 1515 -1240
77871 1515 -1240
77872 1515 -1240
77873 1515 -1240
77874 1515 -1240
77875 1515 -1240
77876 1515 -1240
77877 1515 -1240
77878 1515 -1240
77879 1515 -1240
77880 1515 -1240
77881 1515 -1240
77882 1515 -1240
77883 1515 -1240
77884 1515 -1240
77885 1515 -1240
77886 1515 -1240
77887 1515 -1240
77888 1515 -1240
77889 1515 -1240
77890 1515 -1240
77891 1515 -1240
77892 1515 -1240
77893 1515 -1240
77894 1515 -1240
77895 1515 -1240
77896 1515 -1240
77897 1515 -1240
77898 1515 -1240
77899 1515 -1240
77900 1515 -1240
77901 1515 -1240
77902 1515 -1240
77903 1515 -1240
77904 1515 -1240
77905 1515 -1240
77906 1515 -1240
77907 1515 -1240
77908 1515 -1240
77909 1515 -1240
77910 1515 -1240
77911 1515 -1240
77912 1515 -1240
77913 1515 -1240
77914 1515 -1240
77915 1515 -1240
77916 1515 -1240
77917 1515 -1240
77918 1515 -1240
77919 1515 -1240
77920 1515 -1240
77921 1515 -1240
77922 1515 -1240
77923 1515 -1240
77924 1515 -1240
77925 1515 -1240
77926 1515 -1240
77927 1515 -1240
77928 1515 -1240
77929 1515 -1240
77930 1515 -1240
77931 1515 -1240
77932 1515 -1240
77933 1515 -1240
77934 1515 -1240
77935 1515 -1240
77936 1515 -1240
77937 1515 -1240
77938 1515 -1240
77939 1515 -1240
77940 1515 -1240
77941 1515 -1240
77942 1515 -1240
77943 1515 -1240
77944 1515 -1240
77945 1515 -1240
77946 1515 -1240
77947 1515 -1240
77948 1515 -1240
77949 1515 -1240
77950 1515 -1240
77951 1515 -1240
77952 1515 -1240
77953 1515 -1240
77954 1515 -1240
77955 1515 -1240
77956 1515 -1240
77957 1515 -1240
77958 1515 -1240
77959 1515 -1240
77960 1515 -1240
77961 1515 -1240
77962 1515 -1240
77963 1515 -1240
77964 1515 -1240
77965 1515 -1240
77966 1515 -1240
77967 1515 -1240
77968 1515 -1240
77969 1515 -1240
77970 1515 -1240
77971 1515 -1240
77972 1515 -1240
77973 1515 -1240
77974 1515 -1240
77975 1515 -1240
77976 1515 -1240
77977 1515 -1240
77978 1515 -1240
77979 1515 -1240
77980 1515 -1240
77981 1515 -1240
77982 1515 -1240
77983 1515 -1240
77984 1515 -1240
77985 1515 -1240
77986 1515 -1240
77987 1515 -1240
77988 1515 -1240
77989 1515 -1240
77990 1515 -1240
77991 1515 -1240
77992 1515 -1240
77993 1515 -1240
77994 1515 -1240
77995 1515 -1240
77996 1515 -1240
77997 1515 -1240
77998 1515 -1240
77999 1515 -1240
78000 1515 -1240
78001 1515 -1240
78002 1515 -1240
78003 1515 -1240
78004 1515 -1240
78005 1516.25 -1237.5
78006 1517.5 -1235
78007 1518.75 -1232.5
78008 1520 -1230
78009 1520 -1230
78010 1520 -1230
78011 1520 -1230
78012 1520 -1230
78013 1520 -1230
78014 1520 -1230
78015 1520 -1230
78016 1520 -1230
78017 1520 -1230
78018 1520 -1230
78019 1520 -1230
78020 1520 -1230
78021 1520 -1230
78022 1520 -1230
78023 1520 -1230
78024 1520 -1230
78025 1520 -1230
78026 1520 -1230
78027 1520 -1230
78028 1520 -1230
78029 1520 -1230
78030 1520 -1230
78031 1520 -1230
78032 1521 -1229
78033 1522 -1228
78034 1523 -1227
78035 1524 -1226
78036 1525 -1225
78037 1525 -1225
78038 1525 -1225
78039 1525 -1225
78040 1525 -1225
78041 1525 -1225
78042 1525 -1225
78043 1525 -1225
78044 1525 -1225
78045 1525 -1225
78046 1525 -1223.75
78047 1525 -1222.5
78048 1525 -1221.25
78049 1525 -1220
78050 1525 -1220
78051 1525 -1220
78052 1525 -1220
78053 1525 -1220
78054 1525 -1220
78055 1525 -1218.75
78056 1525 -1217.5
78057 1525 -1216.25
78058 1525 -1215
78059 1525 -1215
78060 1525 -1215
78061 1525 -1215
78062 1525 -1215
78063 1525 -1215
78064 1525 -1215
78065 1525 -1215
78066 1525 -1215
78067 1525 -1215
78068 1525 -1215
78069 1525 -1215
78070 1525 -1215
78071 1525 -1215
78072 1525 -1215
78073 1525 -1213.75
78074 1525 -1212.5
78075 1525 -1211.25
78076 1525 -1210
78077 1525 -1210
78078 1525 -1210
78079 1525 -1210
78080 1525 -1210
78081 1525 -1210
78082 1525 -1209
78083 1525 -1208
78084 1525 -1207
78085 1525 -1206
78086 1525 -1205
78087 1525 -1203.75
78088 1525 -1202.5
78089 1525 -1201.25
78090 1525 -1200
78091 1525 -1200
78092 1525 -1200
78093 1525 -1200
78094 1525 -1200
78095 1525 -1200
78096 1526.25 -1198.75
78097 1527.5 -1197.5
78098 1528.75 -1196.25
78099 1530 -1195
78100 1530 -1195
78101 1530 -1195
78102 1530 -1195
78103 1530 -1195
78104 1530 -1195
78105 1530 -1195
78106 1530 -1195
78107 1530 -1195
78108 1530 -1195
78109 1530 -1195
78110 1530 -1195
78111 1530 -1195
78112 1530 -1195
78113 1530 -1195
78114 1530 -1195
78115 1530 -1195
78116 1530 -1195
78117 1530 -1195
78118 1530 -1195
78119 1530 -1195
78120 1530 -1195
78121 1530 -1195
78122 1530 -1195
78123 1530 -1195
78124 1530 -1195
78125 1530 -1195
78126 1530 -1195
78127 1530 -1195
78128 1530 -1195
78129 1530 -1195
78130 1530 -1195
78131 1530 -1195
78132 1530 -1195
78133 1530 -1195
78134 1530 -1195
78135 1530 -1195
78136 1530 -1195
78137 1530 -1195
78138 1530 -1195
78139 1530 -1195
78140 1530 -1195
78141 1530 -1195
78142 1530 -1195
78143 1530 -1195
78144 1530 -1195
78145 1530 -1195
78146 1530 -1195
78147 1530 -1195
78148 1530 -1195
78149 1530 -1195
78150 1530 -1195
78151 1530 -1195
78152 1530 -1195
78153 1530 -1195
78154 1530 -1195
78155 1530 -1195
78156 1530 -1195
78157 1530 -1195
78158 1530 -1195
78159 1530 -1195
78160 1530 -1195
78161 1530 -1195
78162 1530 -1195
78163 1530 -1195
78164 1530 -1195
78165 1530 -1195
78166 1530 -1195
78167 1530 -1195
78168 1530 -1195
78169 1530 -1195
78170 1530 -1195
78171 1530 -1195
78172 1530 -1195
78173 1530 -1195
78174 1530 -1195
78175 1530 -1195
78176 1530 -1195
78177 1530 -1195
78178 1530 -1195
78179 1530 -1195
78180 1530 -1195
78181 1530 -1195
78182 1530 -1195
78183 1530 -1195
78184 1530 -1195
78185 1530 -1195
78186 1530 -1195
78187 1530 -1195
78188 1530 -1195
78189 1530 -1195
78190 1530 -1195
78191 1530 -1195
78192 1530 -1195
78193 1530 -1195
78194 1530 -1195
78195 1530 -1195
78196 1530 -1195
78197 1530 -1195
78198 1530 -1195
78199 1530 -1195
78200 1530 -1196.25
78201 1530 -1197.5
78202 1530 -1198.75
78203 1530 -1200
78204 1530 -1200
78205 1530 -1200
78206 1530 -1200
78207 1530 -1200
78208 1530 -1200
78209 1530 -1200
78210 1530 -1200
78211 1530 -1200
78212 1530 -1200
78213 1530 -1200
78214 1530 -1200
78215 1530 -1200
78216 1530 -1200
78217 1530 -1200
78218 1530 -1200
78219 1530 -1200
78220 1530 -1200
78221 1530 -1200
78222 1530 -1200
78223 1530 -1200
78224 1530 -1200
78225 1530 -1200
78226 1530 -1200
78227 1530 -1200
78228 1530 -1200
78229 1530 -1200
78230 1530 -1200
78231 1529 -1201
78232 1528 -1202
78233 1527 -1203
78234 1526 -1204
78235 1525 -1205
78236 1525 -1205
78237 1525 -1205
78238 1525 -1205
78239 1525 -1205
78240 1525 -1205
78241 1525 -1205
78242 1525 -1205
78243 1525 -1205
78244 1525 -1205
78245 1525 -1205
78246 1525 -1205
78247 1525 -1205
78248 1525 -1205
78249 1525 -1205
78250 1525 -1205
78251 1525 -1205
78252 1525 -1205
78253 1525 -1205
78254 1525 -1205
78255 1525 -1205
78256 1525 -1205
78257 1525 -1205
78258 1525 -1205
78259 1525 -1205
78260 1525 -1205
78261 1525 -1205
78262 1525 -1205
78263 1525 -1205
78264 1525 -1205
78265 1525 -1205
78266 1525 -1205
78267 1525 -1205
78268 1525 -1205
78269 1525 -1205
78270 1525 -1205
78271 1525 -1205
78272 1524 -1205
78273 1523 -1205
78274 1522 -1205
78275 1521 -1205
78276 1520 -1205
78277 1520 -1205
78278 1520 -1205
78279 1520 -1205
78280 1520 -1205
78281 1518 -1205
78282 1516 -1205
78283 1514 -1205
78284 1512 -1205
78285 1510 -1205
78286 1510 -1205
78287 1510 -1205
78288 1510 -1205
78289 1510 -1205
78290 1510 -1205
78291 1510 -1205
78292 1510 -1205
78293 1510 -1205
78294 1510 -1205
78295 1508.75 -1205
78296 1507.5 -1205
78297 1506.25 -1205
78298 1505 -1205
78299 1505 -1205
78300 1505 -1205
78301 1505 -1205
78302 1505 -1205
78303 1505 -1205
78304 1502.5 -1205
78305 1500 -1205
78306 1497.5 -1205
78307 1495 -1205
78308 1495 -1205
78309 1495 -1205
78310 1495 -1205
78311 1495 -1205
78312 1495 -1205
78313 1491.66666666667 -1205
78314 1488.33333333333 -1205
78315 1485 -1205
78316 1485 -1205
78317 1485 -1205
78318 1485 -1205
78319 1485 -1205
78320 1485 -1205
78321 1482.5 -1206.25
78322 1480 -1207.5
78323 1477.5 -1208.75
78324 1475 -1210
78325 1473 -1210
78326 1471 -1210
78327 1469 -1210
78328 1467 -1210
78329 1465 -1210
78330 1465 -1210
78331 1465 -1210
78332 1465 -1210
78333 1465 -1210
78334 1463 -1210
78335 1461 -1210
78336 1459 -1210
78337 1457 -1210
78338 1455 -1210
78339 1455 -1210
78340 1455 -1210
78341 1455 -1210
78342 1455 -1210
78343 1454 -1210
78344 1453 -1210
78345 1452 -1210
78346 1451 -1210
78347 1450 -1210
78348 1450 -1210
78349 1450 -1210
78350 1450 -1210
78351 1450 -1210
78352 1450 -1210
78353 1450 -1210
78354 1450 -1210
78355 1450 -1210
78356 1450 -1210
78357 1450 -1210
78358 1450 -1210
78359 1450 -1210
78360 1450 -1210
78361 1450 -1210
78362 1450 -1210
78363 1450 -1210
78364 1450 -1210
78365 1450 -1210
78366 1449 -1210
78367 1448 -1210
78368 1447 -1210
78369 1446 -1210
78370 1445 -1210
78371 1445 -1210
78372 1445 -1210
78373 1445 -1210
78374 1445 -1210
78375 1445 -1210
78376 1445 -1210
78377 1445 -1210
78378 1445 -1210
78379 1445 -1210
78380 1445 -1210
78381 1445 -1210
78382 1445 -1210
78383 1445 -1210
78384 1445 -1210
78385 1445 -1210
78386 1445 -1210
78387 1445 -1210
78388 1445 -1210
78389 1445 -1210
78390 1445 -1210
78391 1445 -1210
78392 1445 -1210
78393 1445 -1210
78394 1445 -1210
78395 1445 -1210
78396 1445 -1210
78397 1445 -1210
78398 1445 -1210
78399 1445 -1210
78400 1445 -1210
78401 1445 -1210
78402 1445 -1210
78403 1445 -1210
78404 1445 -1210
78405 1445 -1210
78406 1445 -1210
78407 1445 -1210
78408 1445 -1210
78409 1445 -1210
78410 1445 -1210
78411 1445 -1210
78412 1445 -1210
78413 1445 -1210
78414 1445 -1210
78415 1445 -1210
78416 1445 -1210
78417 1445 -1210
78418 1445 -1210
78419 1445 -1210
78420 1445 -1210
78421 1445 -1210
78422 1445 -1210
78423 1445 -1210
78424 1445 -1210
78425 1445 -1210
78426 1445 -1210
78427 1445 -1210
78428 1445 -1210
78429 1445 -1210
78430 1445 -1210
78431 1445 -1210
78432 1445 -1210
78433 1445 -1210
78434 1445 -1210
78435 1445 -1210
78436 1445 -1210
78437 1445 -1210
78438 1445 -1210
78439 1445 -1210
78440 1445 -1210
78441 1445 -1210
78442 1445 -1210
78443 1445 -1210
78444 1445 -1210
78445 1445 -1210
78446 1445 -1210
78447 1445 -1210
78448 1445 -1210
78449 1445 -1210
78450 1445 -1210
78451 1445 -1210
78452 1445 -1210
78453 1445 -1210
78454 1445 -1210
78455 1445 -1210
78456 1445 -1210
78457 1445 -1210
78458 1445 -1210
78459 1445 -1210
78460 1445 -1210
78461 1445 -1210
78462 1445 -1210
78463 1445 -1210
78464 1445 -1210
78465 1445 -1210
78466 1445 -1210
78467 1445 -1210
78468 1445 -1210
78469 1445 -1210
78470 1445 -1210
78471 1445 -1210
78472 1445 -1210
78473 1445 -1210
78474 1445 -1210
78475 1445 -1210
78476 1445 -1210
78477 1445 -1210
78478 1445 -1210
78479 1444 -1209
78480 1443 -1208
78481 1442 -1207
78482 1441 -1206
78483 1440 -1205
78484 1440 -1205
78485 1440 -1205
78486 1440 -1205
78487 1440 -1205
78488 1440 -1205
78489 1440 -1205
78490 1440 -1205
78491 1440 -1205
78492 1440 -1205
78493 1439 -1205
78494 1438 -1205
78495 1437 -1205
78496 1436 -1205
78497 1435 -1205
78498 1435 -1205
78499 1435 -1205
78500 1435 -1205
78501 1435 -1205
78502 1434 -1205
78503 1433 -1205
78504 1432 -1205
78505 1431 -1205
78506 1430 -1205
78507 1430 -1205
78508 1430 -1205
78509 1430 -1205
78510 1430 -1205
78511 1428 -1205
78512 1426 -1205
78513 1424 -1205
78514 1422 -1205
78515 1420 -1205
78516 1420 -1205
78517 1420 -1205
78518 1420 -1205
78519 1420 -1205
78520 1417 -1205
78521 1414 -1205
78522 1411 -1205
78523 1408 -1205
78524 1405 -1205
78525 1405 -1205
78526 1405 -1205
78527 1405 -1205
78528 1405 -1205
78529 1399 -1209
78530 1393 -1213
78531 1387 -1217
78532 1381 -1221
78533 1375 -1225
78534 1375 -1225
78535 1375 -1225
78536 1375 -1225
78537 1375 -1225
78538 1373 -1225
78539 1371 -1225
78540 1369 -1225
78541 1367 -1225
78542 1365 -1225
78543 1365 -1225
78544 1365 -1225
78545 1365 -1225
78546 1365 -1225
78547 1362 -1225
78548 1359 -1225
78549 1356 -1225
78550 1353 -1225
78551 1350 -1225
78552 1348 -1226
78553 1346 -1227
78554 1344 -1228
78555 1342 -1229
78556 1340 -1230
78557 1340 -1230
78558 1340 -1230
78559 1340 -1230
78560 1340 -1230
78561 1339 -1230
78562 1338 -1230
78563 1337 -1230
78564 1336 -1230
78565 1335 -1230
78566 1335 -1230
78567 1335 -1230
78568 1335 -1230
78569 1335 -1230
78570 1334 -1230
78571 1333 -1230
78572 1332 -1230
78573 1331 -1230
78574 1330 -1230
78575 1330 -1230
78576 1330 -1230
78577 1330 -1230
78578 1330 -1230
78579 1330 -1230
78580 1330 -1230
78581 1330 -1230
78582 1330 -1230
78583 1330 -1230
78584 1330 -1230
78585 1330 -1230
78586 1330 -1230
78587 1330 -1230
78588 1330 -1230
78589 1330 -1230
78590 1330 -1230
78591 1330 -1230
78592 1330 -1230
78593 1330 -1230
78594 1330 -1230
78595 1330 -1230
78596 1330 -1230
78597 1330 -1230
78598 1330 -1230
78599 1330 -1230
78600 1330 -1230
78601 1330 -1230
78602 1330 -1230
78603 1330 -1230
78604 1330 -1230
78605 1330 -1230
78606 1330 -1230
78607 1330 -1230
78608 1330 -1230
78609 1330 -1230
78610 1330 -1230
78611 1330 -1230
78612 1330 -1230
78613 1330 -1230
78614 1330 -1230
78615 1329 -1230
78616 1328 -1230
78617 1327 -1230
78618 1326 -1230
78619 1325 -1230
78620 1325 -1230
78621 1325 -1230
78622 1325 -1230
78623 1325 -1230
78624 1325 -1230
78625 1325 -1230
78626 1325 -1230
78627 1325 -1230
78628 1325 -1230
78629 1325 -1230
78630 1325 -1230
78631 1325 -1230
78632 1325 -1230
78633 1325 -1229
78634 1325 -1228
78635 1325 -1227
78636 1325 -1226
78637 1325 -1225
78638 1325 -1223.75
78639 1325 -1222.5
78640 1325 -1221.25
78641 1325 -1220
78642 1325 -1220
78643 1325 -1220
78644 1325 -1220
78645 1325 -1220
78646 1325 -1220
78647 1324 -1218
78648 1323 -1216
78649 1322 -1214
78650 1321 -1212
78651 1320 -1210
78652 1320 -1210
78653 1320 -1210
78654 1320 -1210
78655 1320 -1210
78656 1320 -1209
78657 1320 -1208
78658 1320 -1207
78659 1320 -1206
78660 1320 -1205
78661 1320 -1205
78662 1320 -1205
78663 1320 -1205
78664 1320 -1205
78665 1319 -1204
78666 1318 -1203
78667 1317 -1202
78668 1316 -1201
78669 1315 -1200
78670 1315 -1200
78671 1315 -1200
78672 1315 -1200
78673 1315 -1200
78674 1314 -1198
78675 1313 -1196
78676 1312 -1194
78677 1311 -1192
78678 1310 -1190
78679 1310 -1190
78680 1310 -1190
78681 1310 -1190
78682 1310 -1190
78683 1310 -1190
78684 1310 -1190
78685 1310 -1190
78686 1310 -1190
78687 1310 -1190
78688 1310 -1190
78689 1310 -1190
78690 1310 -1190
78691 1310 -1190
78692 1310 -1189
78693 1310 -1188
78694 1310 -1187
78695 1310 -1186
78696 1310 -1185
78697 1310 -1185
78698 1310 -1185
78699 1310 -1185
78700 1310 -1185
78701 1310 -1185
78702 1310 -1185
78703 1310 -1185
78704 1310 -1185
78705 1310 -1185
78706 1310 -1185
78707 1310 -1185
78708 1310 -1185
78709 1310 -1185
78710 1310 -1185
78711 1310 -1185
78712 1310 -1185
78713 1310 -1185
78714 1310 -1185
78715 1310 -1185
78716 1310 -1185
78717 1310 -1185
78718 1310 -1185
78719 1310 -1185
78720 1310 -1185
78721 1310 -1185
78722 1310 -1185
78723 1310 -1185
78724 1310 -1185
78725 1310 -1185
78726 1310 -1185
78727 1310 -1185
78728 1310 -1185
78729 1310 -1185
78730 1310 -1185
78731 1310 -1185
78732 1310 -1185
78733 1310 -1185
78734 1310 -1185
78735 1310 -1185
78736 1310 -1185
78737 1310 -1185
78738 1310 -1185
78739 1310 -1185
78740 1310 -1185
78741 1310 -1185
78742 1310 -1185
78743 1310 -1185
78744 1310 -1185
78745 1310 -1185
78746 1310 -1185
78747 1310 -1185
78748 1310 -1185
78749 1310 -1185
78750 1310 -1185
78751 1310 -1185
78752 1310 -1185
78753 1310 -1185
78754 1310 -1185
78755 1310 -1185
78756 1310 -1185
78757 1310 -1185
78758 1310 -1185
78759 1310 -1185
78760 1309 -1184
78761 1308 -1183
78762 1307 -1182
78763 1306 -1181
78764 1305 -1180
78765 1305 -1180
78766 1305 -1180
78767 1305 -1180
78768 1305 -1180
78769 1305 -1180
78770 1305 -1180
78771 1305 -1180
78772 1305 -1180
78773 1305 -1180
78774 1305 -1180
78775 1305 -1180
78776 1305 -1180
78777 1305 -1180
78778 1305 -1180
78779 1305 -1180
78780 1305 -1180
78781 1305 -1180
78782 1305 -1180
78783 1304 -1180
78784 1303 -1180
78785 1302 -1180
78786 1301 -1180
78787 1300 -1180
78788 1300 -1180
78789 1300 -1180
78790 1300 -1180
78791 1300 -1180
78792 1299 -1181
78793 1298 -1182
78794 1297 -1183
78795 1296 -1184
78796 1295 -1185
78797 1295 -1185
78798 1295 -1185
78799 1295 -1185
78800 1295 -1185
78801 1294 -1186
78802 1293 -1187
78803 1292 -1188
78804 1291 -1189
78805 1290 -1190
78806 1290 -1190
78807 1290 -1190
78808 1290 -1190
78809 1290 -1190
78810 1289 -1190
78811 1288 -1190
78812 1287 -1190
78813 1286 -1190
78814 1285 -1190
78815 1285 -1190
78816 1285 -1190
78817 1285 -1190
78818 1285 -1190
78819 1284 -1191
78820 1283 -1192
78821 1282 -1193
78822 1281 -1194
78823 1280 -1195
78824 1280 -1195
78825 1280 -1195
78826 1280 -1195
78827 1280 -1195
78828 1280 -1195
78829 1280 -1195
78830 1280 -1195
78831 1280 -1195
78832 1280 -1195
78833 1278 -1196
78834 1276 -1197
78835 1274 -1198
78836 1272 -1199
78837 1270 -1200
78838 1270 -1200
78839 1270 -1200
78840 1270 -1200
78841 1270 -1200
78842 1270 -1200
78843 1270 -1200
78844 1270 -1200
78845 1270 -1200
78846 1270 -1200
78847 1270 -1200
78848 1270 -1200
78849 1270 -1200
78850 1270 -1200
78851 1270 -1200
78852 1270 -1200
78853 1270 -1200
78854 1270 -1200
78855 1270 -1200
78856 1270 -1200
78857 1270 -1200
78858 1270 -1200
78859 1270 -1200
78860 1270 -1200
78861 1270 -1200
78862 1270 -1200
78863 1270 -1200
78864 1270 -1200
78865 1270 -1200
78866 1270 -1200
78867 1270 -1200
78868 1270 -1200
78869 1270 -1200
78870 1270 -1200
78871 1270 -1200
78872 1270 -1200
78873 1270 -1200
78874 1270 -1200
78875 1270 -1200
78876 1270 -1200
78877 1270 -1200
78878 1270 -1200
78879 1270 -1200
78880 1270 -1200
78881 1270 -1200
78882 1270 -1200
78883 1270 -1200
78884 1270 -1200
78885 1270 -1200
78886 1270 -1200
78887 1270 -1200
78888 1270 -1200
78889 1270 -1200
78890 1270 -1200
78891 1270 -1200
78892 1270 -1200
78893 1270 -1200
78894 1270 -1200
78895 1270 -1200
78896 1270 -1200
78897 1270 -1200
78898 1270 -1200
78899 1270 -1200
78900 1270 -1200
78901 1270 -1200
78902 1270 -1200
78903 1270 -1200
78904 1270 -1200
78905 1270 -1200
78906 1270 -1200
78907 1270 -1200
78908 1270 -1200
78909 1270 -1200
78910 1270 -1200
78911 1268.75 -1200
78912 1267.5 -1200
78913 1266.25 -1200
78914 1265 -1200
78915 1265 -1200
78916 1265 -1200
78917 1265 -1200
78918 1265 -1200
78919 1265 -1200
78920 1265 -1200
78921 1265 -1200
78922 1265 -1200
78923 1265 -1200
78924 1265 -1200
78925 1265 -1200
78926 1265 -1200
78927 1265 -1200
78928 1265 -1200
78929 1265 -1198.75
78930 1265 -1197.5
78931 1265 -1196.25
78932 1265 -1195
78933 1265 -1195
78934 1265 -1195
78935 1265 -1195
78936 1265 -1195
78937 1265 -1195
78938 1265 -1194
78939 1265 -1193
78940 1265 -1192
78941 1265 -1191
78942 1265 -1190
78943 1265 -1190
78944 1265 -1190
78945 1265 -1190
78946 1265 -1190
78947 1264 -1189
78948 1263 -1188
78949 1262 -1187
78950 1261 -1186
78951 1260 -1185
78952 1258.75 -1183.75
78953 1257.5 -1182.5
78954 1256.25 -1181.25
78955 1255 -1180
78956 1255 -1180
78957 1255 -1180
78958 1255 -1180
78959 1255 -1180
78960 1255 -1180
78961 1253.75 -1177.5
78962 1252.5 -1175
78963 1251.25 -1172.5
78964 1250 -1170
78965 1250 -1170
78966 1250 -1170
78967 1250 -1170
78968 1250 -1170
78969 1250 -1170
78970 1250 -1170
78971 1250 -1170
78972 1250 -1170
78973 1250 -1170
78974 1250 -1170
78975 1250 -1170
78976 1250 -1170
78977 1250 -1170
78978 1250 -1170
78979 1250 -1170
78980 1250 -1170
78981 1250 -1170
78982 1250 -1170
78983 1250 -1170
78984 1250 -1170
78985 1250 -1170
78986 1250 -1170
78987 1250 -1170
78988 1250 -1170
78989 1250 -1170
78990 1250 -1170
78991 1250 -1170
78992 1250 -1170
78993 1250 -1170
78994 1250 -1170
78995 1250 -1170
78996 1250 -1170
78997 1250 -1170
78998 1250 -1170
78999 1250 -1170
79000 1250 -1170
79001 1250 -1170
79002 1250 -1170
79003 1250 -1170
79004 1250 -1170
79005 1250 -1170
79006 1250 -1170
79007 1250 -1170
79008 1250 -1170
79009 1250 -1170
79010 1250 -1170
79011 1250 -1170
79012 1250 -1170
79013 1250 -1170
79014 1250 -1170
79015 1250 -1170
79016 1250 -1170
79017 1250 -1170
79018 1250 -1170
79019 1250 -1170
79020 1250 -1170
79021 1250 -1170
79022 1250 -1170
79023 1250 -1170
79024 1250 -1170
79025 1250 -1170
79026 1250 -1170
79027 1250 -1170
79028 1250 -1170
79029 1250 -1170
79030 1250 -1170
79031 1250 -1170
79032 1250 -1170
79033 1250 -1170
79034 1250 -1170
79035 1250 -1170
79036 1250 -1170
79037 1250 -1170
79038 1250 -1170
79039 1250 -1170
79040 1250 -1170
79041 1250 -1170
79042 1250 -1170
79043 1250 -1170
79044 1250 -1170
79045 1250 -1170
79046 1250 -1170
79047 1250 -1170
79048 1250 -1170
79049 1250 -1170
79050 1250 -1170
79051 1250 -1170
79052 1250 -1170
79053 1250 -1170
79054 1250 -1170
79055 1250 -1170
79056 1248.75 -1171.25
79057 1247.5 -1172.5
79058 1246.25 -1173.75
79059 1245 -1175
79060 1245 -1175
79061 1245 -1175
79062 1245 -1175
79063 1245 -1175
79064 1245 -1175
79065 1243.75 -1176.25
79066 1242.5 -1177.5
79067 1241.25 -1178.75
79068 1240 -1180
79069 1240 -1180
79070 1240 -1180
79071 1240 -1180
79072 1240 -1180
79073 1240 -1180
79074 1239 -1181
79075 1238 -1182
79076 1237 -1183
79077 1236 -1184
79078 1235 -1185
79079 1235 -1185
79080 1235 -1185
79081 1235 -1185
79082 1235 -1185
79083 1234 -1187
79084 1233 -1189
79085 1232 -1191
79086 1231 -1193
79087 1230 -1195
79088 1228.75 -1196.25
79089 1227.5 -1197.5
79090 1226.25 -1198.75
79091 1225 -1200
79092 1225 -1200
79093 1225 -1200
79094 1225 -1200
79095 1225 -1200
79096 1225 -1200
79097 1225 -1200
79098 1225 -1200
79099 1225 -1200
79100 1225 -1200
79101 1224 -1201
79102 1223 -1202
79103 1222 -1203
79104 1221 -1204
79105 1220 -1205
79106 1220 -1205
79107 1220 -1205
79108 1220 -1205
79109 1220 -1205
79110 1220 -1205
79111 1220 -1205
79112 1220 -1205
79113 1220 -1205
79114 1220 -1205
79115 1218.75 -1206.25
79116 1217.5 -1207.5
79117 1216.25 -1208.75
79118 1215 -1210
79119 1215 -1210
79120 1215 -1210
79121 1215 -1210
79122 1215 -1210
79123 1215 -1210
79124 1215 -1210
79125 1215 -1210
79126 1215 -1210
79127 1215 -1210
79128 1215 -1210
79129 1215 -1210
79130 1215 -1210
79131 1215 -1210
79132 1215 -1210
79133 1215 -1210
79134 1215 -1210
79135 1215 -1210
79136 1215 -1210
79137 1215 -1210
79138 1215 -1210
79139 1215 -1210
79140 1215 -1210
79141 1215 -1210
79142 1215 -1210
79143 1215 -1210
79144 1215 -1210
79145 1215 -1210
79146 1215 -1210
79147 1215 -1210
79148 1215 -1210
79149 1215 -1210
79150 1215 -1210
79151 1215 -1210
79152 1215 -1210
79153 1215 -1210
79154 1215 -1210
79155 1215 -1210
79156 1215 -1210
79157 1215 -1210
79158 1215 -1210
79159 1215 -1210
79160 1215 -1210
79161 1215 -1210
79162 1215 -1210
79163 1215 -1210
79164 1215 -1210
79165 1215 -1210
79166 1215 -1210
79167 1215 -1210
79168 1215 -1210
79169 1215 -1210
79170 1215 -1210
79171 1215 -1210
79172 1215 -1210
79173 1215 -1210
79174 1215 -1210
79175 1215 -1210
79176 1215 -1210
79177 1215 -1210
79178 1215 -1210
79179 1215 -1210
79180 1215 -1210
79181 1215 -1210
79182 1215 -1210
79183 1213.75 -1210
79184 1212.5 -1210
79185 1211.25 -1210
79186 1210 -1210
79187 1209 -1209
79188 1208 -1208
79189 1207 -1207
79190 1206 -1206
79191 1205 -1205
79192 1205 -1205
79193 1205 -1205
79194 1205 -1205
79195 1205 -1205
79196 1204 -1204
79197 1203 -1203
79198 1202 -1202
79199 1201 -1201
79200 1200 -1200
79201 1200 -1200
79202 1200 -1200
79203 1200 -1200
79204 1200 -1200
79205 1199 -1199
79206 1198 -1198
79207 1197 -1197
79208 1196 -1196
79209 1195 -1195
79210 1195 -1195
79211 1195 -1195
79212 1195 -1195
79213 1195 -1195
79214 1194 -1194
79215 1193 -1193
79216 1192 -1192
79217 1191 -1191
79218 1190 -1190
79219 1190 -1190
79220 1190 -1190
79221 1190 -1190
79222 1190 -1190
79223 1190 -1190
79224 1188.75 -1188.75
79225 1187.5 -1187.5
79226 1186.25 -1186.25
79227 1185 -1185
79228 1185 -1185
79229 1185 -1185
79230 1185 -1185
79231 1185 -1185
79232 1185 -1185
79233 1183.75 -1183.75
79234 1182.5 -1182.5
79235 1181.25 -1181.25
79236 1180 -1180
79237 1180 -1180
79238 1180 -1180
79239 1180 -1180
79240 1180 -1180
79241 1180 -1180
79242 1180 -1180
79243 1180 -1180
79244 1180 -1180
79245 1180 -1180
79246 1180 -1180
79247 1180 -1180
79248 1180 -1180
79249 1180 -1180
79250 1180 -1180
79251 1180 -1178.75
79252 1180 -1177.5
79253 1180 -1176.25
79254 1180 -1175
79255 1180 -1175
79256 1180 -1175
79257 1180 -1175
79258 1180 -1175
79259 1180 -1175
79260 1178.75 -1173.75
79261 1177.5 -1172.5
79262 1176.25 -1171.25
79263 1175 -1170
79264 1175 -1170
79265 1175 -1170
79266 1175 -1170
79267 1175 -1170
79268 1175 -1170
79269 1175 -1170
79270 1175 -1170
79271 1175 -1170
79272 1175 -1170
79273 1175 -1170
79274 1175 -1170
79275 1175 -1170
79276 1175 -1170
79277 1175 -1170
79278 1175 -1170
79279 1175 -1170
79280 1175 -1170
79281 1175 -1170
79282 1175 -1170
79283 1175 -1170
79284 1175 -1170
79285 1175 -1170
79286 1175 -1170
79287 1175 -1170
79288 1175 -1170
79289 1175 -1170
79290 1175 -1170
79291 1175 -1170
79292 1175 -1170
79293 1175 -1170
79294 1175 -1170
79295 1175 -1170
79296 1175 -1170
79297 1175 -1170
79298 1175 -1170
79299 1175 -1170
79300 1175 -1170
79301 1175 -1170
79302 1175 -1170
79303 1175 -1170
79304 1175 -1170
79305 1175 -1170
79306 1175 -1170
79307 1175 -1170
79308 1175 -1170
79309 1175 -1170
79310 1175 -1170
79311 1175 -1170
79312 1175 -1170
79313 1175 -1170
79314 1175 -1170
79315 1175 -1170
79316 1175 -1170
79317 1173.33333333333 -1170
79318 1171.66666666667 -1170
79319 1170 -1170
79320 1168.33333333333 -1170
79321 1166.66666666667 -1170
79322 1165 -1170
79323 1165 -1170
79324 1165 -1170
79325 1165 -1170
79326 1165 -1170
79327 1160 -1175
79328 1155 -1180
79329 1150 -1185
79330 1145 -1190
79331 1145 -1190
79332 1145 -1190
79333 1145 -1190
79334 1145 -1190
79335 1145 -1190
79336 1144 -1191
79337 1143 -1192
79338 1142 -1193
79339 1141 -1194
79340 1140 -1195
79341 1140 -1195
79342 1140 -1195
79343 1140 -1195
79344 1140 -1195
79345 1134 -1199
79346 1128 -1203
79347 1122 -1207
79348 1116 -1211
79349 1110 -1215
79350 1110 -1215
79351 1110 -1215
79352 1110 -1215
79353 1110 -1215
79354 1109 -1216
79355 1108 -1217
79356 1107 -1218
79357 1106 -1219
79358 1105 -1220
79359 1103.75 -1221.25
79360 1102.5 -1222.5
79361 1101.25 -1223.75
79362 1100 -1225
79363 1100 -1225
79364 1100 -1225
79365 1100 -1225
79366 1100 -1225
79367 1100 -1225
79368 1098.75 -1226.25
79369 1097.5 -1227.5
79370 1096.25 -1228.75
79371 1095 -1230
79372 1095 -1230
79373 1095 -1230
79374 1095 -1230
79375 1095 -1230
79376 1095 -1230
79377 1095 -1230
79378 1095 -1230
79379 1095 -1230
79380 1095 -1230
79381 1095 -1230
79382 1095 -1230
79383 1095 -1230
79384 1095 -1230
79385 1095 -1230
79386 1095 -1230
79387 1095 -1230
79388 1095 -1230
79389 1095 -1230
79390 1095 -1230
79391 1095 -1230
79392 1095 -1230
79393 1095 -1230
79394 1095 -1230
79395 1095 -1230
79396 1095 -1230
79397 1095 -1230
79398 1095 -1230
79399 1095 -1230
79400 1095 -1230
79401 1095 -1230
79402 1095 -1230
79403 1095 -1230
79404 1095 -1230
79405 1095 -1230
79406 1095 -1230
79407 1095 -1230
79408 1095 -1230
79409 1095 -1230
79410 1095 -1230
79411 1095 -1230
79412 1095 -1230
79413 1095 -1230
79414 1095 -1230
79415 1095 -1230
79416 1095 -1230
79417 1095 -1230
79418 1095 -1230
79419 1095 -1230
79420 1095 -1230
79421 1095 -1230
79422 1095 -1230
79423 1095 -1230
79424 1095 -1230
79425 1095 -1230
79426 1095 -1230
79427 1095 -1230
79428 1095 -1230
79429 1095 -1230
79430 1095 -1230
79431 1095 -1230
79432 1095 -1230
79433 1095 -1230
79434 1095 -1230
79435 1095 -1230
79436 1093.75 -1230
79437 1092.5 -1230
79438 1091.25 -1230
79439 1090 -1230
79440 1090 -1230
79441 1090 -1230
79442 1090 -1230
79443 1090 -1230
79444 1090 -1230
79445 1090 -1227.5
79446 1090 -1225
79447 1090 -1222.5
79448 1090 -1220
79449 1090 -1220
79450 1090 -1220
79451 1090 -1220
79452 1090 -1220
79453 1090 -1220
79454 1088.75 -1218.75
79455 1087.5 -1217.5
79456 1086.25 -1216.25
79457 1085 -1215
79458 1085 -1215
79459 1085 -1215
79460 1085 -1215
79461 1085 -1215
79462 1085 -1215
79463 1083.75 -1213.75
79464 1082.5 -1212.5
79465 1081.25 -1211.25
79466 1080 -1210
79467 1080 -1210
79468 1080 -1210
79469 1080 -1210
79470 1080 -1210
79471 1080 -1210
79472 1080 -1208.75
79473 1080 -1207.5
79474 1080 -1206.25
79475 1080 -1205
79476 1079 -1204
79477 1078 -1203
79478 1077 -1202
79479 1076 -1201
79480 1075 -1200
79481 1075 -1200
79482 1075 -1200
79483 1075 -1200
79484 1075 -1200
79485 1074 -1199
79486 1073 -1198
79487 1072 -1197
79488 1071 -1196
79489 1070 -1195
79490 1070 -1195
79491 1070 -1195
79492 1070 -1195
79493 1070 -1195
79494 1069 -1194
79495 1068 -1193
79496 1067 -1192
79497 1066 -1191
79498 1065 -1190
79499 1065 -1190
79500 1065 -1190
79501 1065 -1190
79502 1065 -1190
79503 1065 -1190
79504 1065 -1190
79505 1065 -1190
79506 1065 -1190
79507 1065 -1190
79508 1065 -1189
79509 1065 -1188
79510 1065 -1187
79511 1065 -1186
79512 1065 -1185
79513 1065 -1185
79514 1065 -1185
79515 1065 -1185
79516 1065 -1185
79517 1065 -1185
79518 1065 -1185
79519 1065 -1185
79520 1065 -1185
79521 1065 -1185
79522 1065 -1185
79523 1065 -1185
79524 1065 -1185
79525 1065 -1185
79526 1065 -1185
79527 1065 -1185
79528 1065 -1185
79529 1065 -1185
79530 1065 -1185
79531 1065 -1185
79532 1065 -1185
79533 1065 -1185
79534 1065 -1185
79535 1065 -1185
79536 1065 -1185
79537 1065 -1185
79538 1065 -1185
79539 1065 -1185
79540 1065 -1185
79541 1065 -1185
79542 1065 -1185
79543 1065 -1185
79544 1065 -1185
79545 1065 -1185
79546 1065 -1185
79547 1065 -1185
79548 1065 -1185
79549 1065 -1185
79550 1065 -1185
79551 1065 -1185
79552 1065 -1185
79553 1065 -1185
79554 1065 -1185
79555 1065 -1185
79556 1065 -1185
79557 1065 -1185
79558 1065 -1185
79559 1065 -1185
79560 1065 -1185
79561 1065 -1185
79562 1065 -1185
79563 1065 -1185
79564 1065 -1185
79565 1065 -1185
79566 1065 -1185
79567 1063.75 -1183.75
79568 1062.5 -1182.5
79569 1061.25 -1181.25
79570 1060 -1180
79571 1060 -1180
79572 1060 -1180
79573 1060 -1180
79574 1060 -1180
79575 1060 -1180
79576 1060 -1180
79577 1060 -1180
79578 1060 -1180
79579 1060 -1180
79580 1059 -1180
79581 1058 -1180
79582 1057 -1180
79583 1056 -1180
79584 1055 -1180
79585 1055 -1180
79586 1055 -1180
79587 1055 -1180
79588 1055 -1180
79589 1055 -1180
79590 1053.75 -1182.5
79591 1052.5 -1185
79592 1051.25 -1187.5
79593 1050 -1190
79594 1050 -1190
79595 1050 -1190
79596 1050 -1190
79597 1050 -1190
79598 1050 -1190
79599 1048.75 -1191.25
79600 1047.5 -1192.5
79601 1046.25 -1193.75
79602 1045 -1195
79603 1044 -1196
79604 1043 -1197
79605 1042 -1198
79606 1041 -1199
79607 1040 -1200
79608 1040 -1200
79609 1040 -1200
79610 1040 -1200
79611 1040 -1200
79612 1036 -1204
79613 1032 -1208
79614 1028 -1212
79615 1024 -1216
79616 1020 -1220
79617 1020 -1220
79618 1020 -1220
79619 1020 -1220
79620 1020 -1220
79621 1019 -1220
79622 1018 -1220
79623 1017 -1220
79624 1016 -1220
79625 1015 -1220
79626 1015 -1220
79627 1015 -1220
79628 1015 -1220
79629 1015 -1220
79630 1013 -1221
79631 1011 -1222
79632 1009 -1223
79633 1007 -1224
79634 1005 -1225
79635 1005 -1225
79636 1005 -1225
79637 1005 -1225
79638 1005 -1225
79639 1003 -1226
79640 1001 -1227
79641 999 -1228
79642 997 -1229
79643 995 -1230
79644 995 -1230
79645 995 -1230
79646 995 -1230
79647 995 -1230
79648 995 -1230
79649 995 -1230
79650 995 -1230
79651 995 -1230
79652 995 -1230
79653 995 -1230
79654 995 -1230
79655 995 -1230
79656 995 -1230
79657 995 -1230
79658 995 -1230
79659 995 -1230
79660 995 -1230
79661 995 -1230
79662 995 -1230
79663 995 -1230
79664 995 -1230
79665 995 -1230
79666 995 -1230
79667 995 -1230
79668 995 -1230
79669 995 -1230
79670 995 -1230
79671 995 -1230
79672 995 -1230
79673 995 -1230
79674 995 -1230
79675 995 -1230
79676 995 -1230
79677 995 -1230
79678 995 -1230
79679 995 -1230
79680 994 -1229
79681 993 -1228
79682 992 -1227
79683 991 -1226
79684 990 -1225
79685 990 -1225
79686 990 -1225
79687 990 -1225
79688 990 -1225
79689 989 -1224
79690 988 -1223
79691 987 -1222
79692 986 -1221
79693 985 -1220
79694 985 -1220
79695 985 -1220
79696 985 -1220
79697 985 -1220
79698 984 -1218
79699 983 -1216
79700 982 -1214
79701 981 -1212
79702 980 -1210
79703 980 -1210
79704 980 -1210
79705 980 -1210
79706 980 -1210
79707 978 -1204
79708 976 -1198
79709 974 -1192
79710 972 -1186
79711 970 -1180
79712 968.75 -1178.75
79713 967.5 -1177.5
79714 966.25 -1176.25
79715 965 -1175
79716 965 -1175
79717 965 -1175
79718 965 -1175
79719 965 -1175
79720 965 -1175
79721 964 -1173
79722 963 -1171
79723 962 -1169
79724 961 -1167
79725 960 -1165
79726 960 -1165
79727 960 -1165
79728 960 -1165
79729 960 -1165
79730 960 -1163
79731 960 -1161
79732 960 -1159
79733 960 -1157
79734 960 -1155
79735 960 -1155
79736 960 -1155
79737 960 -1155
79738 960 -1155
79739 959 -1154
79740 958 -1153
79741 957 -1152
79742 956 -1151
79743 955 -1150
79744 955 -1150
79745 955 -1150
79746 955 -1150
79747 955 -1150
79748 954 -1149
79749 953 -1148
79750 952 -1147
79751 951 -1146
79752 950 -1145
79753 950 -1145
79754 950 -1145
79755 950 -1145
79756 950 -1145
79757 949 -1143
79758 948 -1141
79759 947 -1139
79760 946 -1137
79761 945 -1135
79762 945 -1135
79763 945 -1135
79764 945 -1135
79765 945 -1135
79766 945 -1135
79767 945 -1135
79768 945 -1135
79769 945 -1135
79770 945 -1135
79771 945 -1135
79772 945 -1135
79773 945 -1135
79774 945 -1135
79775 945 -1135
79776 945 -1135
79777 945 -1135
79778 945 -1135
79779 945 -1135
79780 945 -1135
79781 945 -1135
79782 945 -1135
79783 945 -1135
79784 945 -1135
79785 945 -1135
79786 945 -1135
79787 945 -1135
79788 945 -1135
79789 945 -1135
79790 945 -1135
79791 945 -1135
79792 945 -1135
79793 945 -1135
79794 945 -1135
79795 945 -1135
79796 945 -1135
79797 945 -1135
79798 945 -1135
79799 945 -1135
79800 945 -1135
79801 945 -1135
79802 945 -1135
79803 945 -1135
79804 945 -1135
79805 945 -1135
79806 945 -1135
79807 945 -1135
79808 945 -1135
79809 945 -1135
79810 945 -1135
79811 945 -1135
79812 945 -1135
79813 945 -1135
79814 945 -1135
79815 945 -1135
79816 945 -1135
79817 945 -1135
79818 945 -1135
79819 945 -1135
79820 944 -1135
79821 943 -1135
79822 942 -1135
79823 941 -1135
79824 940 -1135
79825 940 -1135
79826 940 -1135
79827 940 -1135
79828 940 -1135
79829 940 -1135
79830 939 -1135
79831 938 -1135
79832 937 -1135
79833 936 -1135
79834 935 -1135
79835 935 -1135
79836 935 -1135
79837 935 -1135
79838 935 -1135
79839 935 -1135
79840 933.75 -1136.25
79841 932.5 -1137.5
79842 931.25 -1138.75
79843 930 -1140
79844 929 -1142
79845 928 -1144
79846 927 -1146
79847 926 -1148
79848 925 -1150
79849 925 -1150
79850 925 -1150
79851 925 -1150
79852 925 -1150
79853 925 -1151
79854 925 -1152
79855 925 -1153
79856 925 -1154
79857 925 -1155
79858 925 -1155
79859 925 -1155
79860 925 -1155
79861 925 -1155
79862 921 -1159
79863 917 -1163
79864 913 -1167
79865 909 -1171
79866 905 -1175
79867 905 -1175
79868 905 -1175
79869 905 -1175
79870 905 -1175
79871 905 -1175
79872 905 -1175
79873 905 -1175
79874 905 -1175
79875 905 -1175
79876 905 -1176
79877 905 -1177
79878 905 -1178
79879 905 -1179
79880 905 -1180
79881 905 -1180
79882 905 -1180
79883 905 -1180
79884 905 -1180
79885 901 -1184
79886 897 -1188
79887 893 -1192
79888 889 -1196
79889 885 -1200
79890 883.75 -1201.25
79891 882.5 -1202.5
79892 881.25 -1203.75
79893 880 -1205
79894 880 -1205
79895 880 -1205
79896 880 -1205
79897 880 -1205
79898 880 -1205
79899 880 -1205
79900 880 -1205
79901 880 -1205
79902 880 -1205
79903 880 -1205
79904 880 -1205
79905 880 -1205
79906 880 -1205
79907 880 -1205
79908 880 -1205
79909 880 -1205
79910 880 -1205
79911 880 -1205
79912 880 -1205
79913 880 -1205
79914 880 -1205
79915 880 -1205
79916 880 -1205
79917 880 -1205
79918 880 -1205
79919 880 -1205
79920 880 -1205
79921 880 -1205
79922 880 -1205
79923 880 -1205
79924 880 -1205
79925 880 -1205
79926 880 -1205
79927 880 -1205
79928 880 -1205
79929 880 -1205
79930 880 -1205
79931 880 -1205
79932 880 -1205
79933 880 -1205
79934 880 -1205
79935 880 -1205
79936 880 -1205
79937 880 -1205
79938 880 -1205
79939 880 -1205
79940 880 -1205
79941 880 -1205
79942 880 -1205
79943 880 -1205
79944 880 -1205
79945 880 -1205
79946 880 -1205
79947 880 -1205
79948 880 -1205
79949 880 -1205
79950 880 -1205
79951 880 -1205
79952 880 -1205
79953 880 -1205
79954 880 -1205
79955 880 -1205
79956 880 -1205
79957 880 -1205
79958 880 -1205
79959 880 -1205
79960 880 -1205
79961 880 -1205
79962 880 -1205
79963 880 -1205
79964 880 -1205
79965 880 -1205
79966 880 -1205
79967 880 -1205
79968 880 -1205
79969 880 -1205
79970 880 -1205
79971 880 -1205
79972 880 -1205
79973 880 -1205
79974 880 -1205
79975 880 -1205
79976 880 -1205
79977 880 -1205
79978 880 -1205
79979 880 -1205
79980 880 -1204
79981 880 -1203
79982 880 -1202
79983 880 -1201
79984 880 -1200
79985 878.75 -1197.5
79986 877.5 -1195
79987 876.25 -1192.5
79988 875 -1190
79989 875 -1190
79990 875 -1190
79991 875 -1190
79992 875 -1190
79993 875 -1190
79994 873.75 -1188.75
79995 872.5 -1187.5
79996 871.25 -1186.25
79997 870 -1185
79998 870 -1185
79999 870 -1185
80000 870 -1185
80001 870 -1185
80002 870 -1185
80003 870 -1183.75
80004 870 -1182.5
80005 870 -1181.25
80006 870 -1180
80007 870 -1180
80008 870 -1180
80009 870 -1180
80010 870 -1180
80011 870 -1180
80012 868.75 -1178.75
80013 867.5 -1177.5
80014 866.25 -1176.25
80015 865 -1175
80016 865 -1175
80017 865 -1175
80018 865 -1175
80019 865 -1175
80020 865 -1175
80021 865 -1175
80022 865 -1175
80023 865 -1175
80024 865 -1175
80025 865 -1175
80026 865 -1175
80027 865 -1175
80028 865 -1175
80029 865 -1175
80030 865 -1175
80031 865 -1175
80032 865 -1175
80033 865 -1175
80034 865 -1175
80035 865 -1175
80036 865 -1175
80037 865 -1175
80038 865 -1175
80039 865 -1175
80040 865 -1175
80041 865 -1175
80042 865 -1175
80043 865 -1175
80044 865 -1175
80045 865 -1175
80046 865 -1175
80047 865 -1175
80048 865 -1175
80049 865 -1175
80050 865 -1175
80051 865 -1175
80052 865 -1175
80053 865 -1175
80054 865 -1175
80055 865 -1175
80056 865 -1175
80057 865 -1175
80058 865 -1175
80059 865 -1175
80060 865 -1175
80061 865 -1175
80062 865 -1175
80063 865 -1175
80064 865 -1175
80065 865 -1175
80066 865 -1175
80067 865 -1175
80068 865 -1175
80069 865 -1175
80070 865 -1175
80071 865 -1175
80072 865 -1175
80073 865 -1175
80074 865 -1175
80075 865 -1175
80076 865 -1175
80077 865 -1175
80078 865 -1175
80079 865 -1175
80080 865 -1175
80081 865 -1175
80082 865 -1175
80083 865 -1175
80084 865 -1175
80085 865 -1175
80086 865 -1175
80087 865 -1175
80088 865 -1175
80089 865 -1175
80090 865 -1175
80091 865 -1175
80092 865 -1175
80093 865 -1175
80094 865 -1175
80095 865 -1175
80096 865 -1175
80097 865 -1175
80098 865 -1175
80099 865 -1175
80100 865 -1175
80101 865 -1175
80102 865 -1175
80103 865 -1175
80104 865 -1175
80105 865 -1175
80106 865 -1175
80107 863 -1175
80108 861 -1175
80109 859 -1175
80110 857 -1175
80111 855 -1175
80112 855 -1175
80113 855 -1175
80114 855 -1175
80115 855 -1175
80116 855 -1175
80117 855 -1175
80118 855 -1175
80119 855 -1175
80120 855 -1175
80121 853.75 -1176.25
80122 852.5 -1177.5
80123 851.25 -1178.75
80124 850 -1180
80125 850 -1180
80126 850 -1180
80127 850 -1180
80128 850 -1180
80129 850 -1180
80130 850 -1180
80131 850 -1180
80132 850 -1180
80133 850 -1180
80134 850 -1180
80135 850 -1180
80136 850 -1180
80137 850 -1180
80138 850 -1180
80139 848.75 -1182.5
80140 847.5 -1185
80141 846.25 -1187.5
80142 845 -1190
80143 845 -1190
80144 845 -1190
80145 845 -1190
80146 845 -1190
80147 845 -1190
80148 845 -1190
80149 845 -1190
80150 845 -1190
80151 845 -1190
80152 844 -1191
80153 843 -1192
80154 842 -1193
80155 841 -1194
80156 840 -1195
80157 840 -1195
80158 840 -1195
80159 840 -1195
80160 840 -1195
80161 840 -1195
80162 840 -1195
80163 840 -1195
80164 840 -1195
80165 840 -1195
80166 840 -1195
80167 840 -1195
80168 840 -1195
80169 840 -1195
80170 840 -1195
80171 838.75 -1196.25
80172 837.5 -1197.5
80173 836.25 -1198.75
80174 835 -1200
80175 835 -1200
80176 835 -1200
80177 835 -1200
80178 835 -1200
80179 835 -1200
80180 835 -1200
80181 835 -1200
80182 835 -1200
80183 835 -1200
80184 835 -1200
80185 835 -1200
80186 835 -1200
80187 835 -1200
80188 835 -1200
80189 835 -1200
80190 835 -1200
80191 835 -1200
80192 835 -1200
80193 835 -1200
80194 835 -1200
80195 835 -1200
80196 835 -1200
80197 835 -1200
80198 835 -1200
80199 835 -1200
80200 835 -1200
80201 835 -1200
80202 835 -1200
80203 835 -1200
80204 835 -1200
80205 835 -1200
80206 835 -1200
80207 835 -1200
80208 835 -1200
80209 835 -1200
80210 835 -1200
80211 835 -1200
80212 835 -1200
80213 835 -1200
80214 835 -1200
80215 835 -1200
80216 835 -1200
80217 835 -1200
80218 835 -1200
80219 835 -1200
80220 835 -1200
80221 835 -1200
80222 835 -1200
80223 835 -1200
80224 835 -1200
80225 835 -1200
80226 835 -1200
80227 835 -1200
80228 835 -1200
80229 835 -1199
80230 835 -1198
80231 835 -1197
80232 835 -1196
80233 835 -1195
80234 835 -1195
80235 835 -1195
80236 835 -1195
80237 835 -1195
80238 835 -1194
80239 835 -1193
80240 835 -1192
80241 835 -1191
80242 835 -1190
80243 835 -1190
80244 835 -1190
80245 835 -1190
80246 835 -1190
80247 835 -1188
80248 835 -1186
80249 835 -1184
80250 835 -1182
80251 835 -1180
80252 835 -1180
80253 835 -1180
80254 835 -1180
80255 835 -1180
80256 835 -1180
80257 835 -1178.75
80258 835 -1177.5
80259 835 -1176.25
80260 835 -1175
80261 835 -1175
80262 835 -1175
80263 835 -1175
80264 835 -1175
80265 835 -1175
80266 833.75 -1172.5
80267 832.5 -1170
80268 831.25 -1167.5
80269 830 -1165
80270 830 -1165
80271 830 -1165
80272 830 -1165
80273 830 -1165
80274 830 -1165
80275 830 -1165
80276 830 -1165
80277 830 -1165
80278 830 -1165
80279 830 -1165
80280 830 -1165
80281 830 -1165
80282 830 -1165
80283 830 -1165
80284 830 -1164
80285 830 -1163
80286 830 -1162
80287 830 -1161
80288 830 -1160
80289 830 -1160
80290 830 -1160
80291 830 -1160
80292 830 -1160
80293 830 -1160
80294 830 -1160
80295 830 -1160
80296 830 -1160
80297 830 -1160
80298 830 -1160
80299 830 -1160
80300 830 -1160
80301 830 -1160
80302 830 -1160
80303 830 -1160
80304 830 -1160
80305 830 -1160
80306 830 -1160
80307 830 -1160
80308 830 -1160
80309 830 -1160
80310 830 -1160
80311 830 -1160
80312 830 -1160
80313 830 -1160
80314 830 -1160
80315 830 -1160
80316 830 -1160
80317 830 -1160
80318 830 -1160
80319 829 -1159
80320 828 -1158
80321 827 -1157
80322 826 -1156
80323 825 -1155
80324 825 -1155
80325 825 -1155
80326 825 -1155
80327 825 -1155
80328 825 -1155
80329 825 -1155
80330 825 -1155
80331 825 -1155
80332 825 -1155
80333 825 -1155
80334 825 -1155
80335 825 -1155
80336 825 -1155
80337 825 -1155
80338 825 -1155
80339 825 -1155
80340 825 -1155
80341 825 -1155
80342 825 -1155
80343 825 -1155
80344 825 -1155
80345 825 -1155
80346 825 -1155
80347 825 -1155
80348 825 -1155
80349 825 -1155
80350 825 -1155
80351 825 -1155
80352 825 -1155
80353 825 -1155
80354 825 -1155
80355 825 -1155
80356 825 -1155
80357 825 -1155
80358 825 -1155
80359 825 -1155
80360 823.75 -1155
80361 822.5 -1155
80362 821.25 -1155
80363 820 -1155
80364 820 -1155
80365 820 -1155
80366 820 -1155
80367 820 -1155
80368 820 -1155
80369 820 -1155
80370 820 -1155
80371 820 -1155
80372 820 -1155
80373 820 -1155
80374 820 -1155
80375 820 -1155
80376 820 -1155
80377 820 -1155
80378 819 -1156
80379 818 -1157
80380 817 -1158
80381 816 -1159
80382 815 -1160
80383 815 -1160
80384 815 -1160
80385 815 -1160
80386 815 -1160
80387 815 -1161
80388 815 -1162
80389 815 -1163
80390 815 -1164
80391 815 -1165
80392 810 -1170
80393 805 -1175
80394 800 -1180
80395 795 -1185
80396 795 -1185
80397 795 -1185
80398 795 -1185
80399 795 -1185
80400 795 -1185
80401 795 -1185
80402 795 -1185
80403 795 -1185
80404 795 -1185
80405 795 -1186
80406 795 -1187
80407 795 -1188
80408 795 -1189
80409 795 -1190
80410 795 -1190
80411 795 -1190
80412 795 -1190
80413 795 -1190
80414 794 -1191
80415 793 -1192
80416 792 -1193
80417 791 -1194
80418 790 -1195
80419 790 -1195
80420 790 -1195
80421 790 -1195
80422 790 -1195
80423 790 -1195
80424 790 -1195
80425 790 -1195
80426 790 -1195
80427 790 -1195
80428 790 -1195
80429 790 -1195
80430 790 -1195
80431 790 -1195
80432 790 -1195
80433 790 -1195
80434 790 -1195
80435 790 -1195
80436 790 -1195
80437 790 -1195
80438 790 -1195
80439 790 -1195
80440 790 -1195
80441 790 -1195
80442 790 -1195
80443 790 -1195
80444 790 -1195
80445 790 -1195
80446 790 -1195
80447 790 -1195
80448 790 -1195
80449 790 -1195
80450 790 -1195
80451 790 -1195
80452 790 -1195
80453 790 -1195
80454 790 -1195
80455 790 -1195
80456 790 -1195
80457 790 -1195
80458 790 -1195
80459 790 -1195
80460 790 -1195
80461 790 -1195
80462 790 -1195
80463 790 -1195
80464 790 -1195
80465 790 -1195
80466 790 -1195
80467 790 -1195
80468 790 -1195
80469 790 -1195
80470 790 -1195
80471 790 -1195
80472 790 -1195
80473 789 -1195
80474 788 -1195
80475 787 -1195
80476 786 -1195
80477 785 -1195
80478 785 -1195
80479 785 -1195
80480 785 -1195
80481 785 -1195
80482 785 -1194
80483 785 -1193
80484 785 -1192
80485 785 -1191
80486 785 -1190
80487 785 -1190
80488 785 -1190
80489 785 -1190
80490 785 -1190
80491 784 -1189
80492 783 -1188
80493 782 -1187
80494 781 -1186
80495 780 -1185
80496 780 -1185
80497 780 -1185
80498 780 -1185
80499 780 -1185
80500 780 -1183
80501 780 -1181
80502 780 -1179
80503 780 -1177
80504 780 -1175
80505 780 -1175
80506 780 -1175
80507 780 -1175
80508 780 -1175
80509 780 -1173
80510 780 -1171
80511 780 -1169
80512 780 -1167
80513 780 -1165
80514 780 -1165
80515 780 -1165
80516 780 -1165
80517 780 -1165
80518 779 -1163
80519 778 -1161
80520 777 -1159
80521 776 -1157
80522 775 -1155
80523 773.75 -1153.75
80524 772.5 -1152.5
80525 771.25 -1151.25
80526 770 -1150
80527 770 -1150
80528 770 -1150
80529 770 -1150
80530 770 -1150
80531 770 -1150
80532 769 -1148
80533 768 -1146
80534 767 -1144
80535 766 -1142
80536 765 -1140
80537 765 -1140
80538 765 -1140
80539 765 -1140
80540 765 -1140
80541 764 -1139
80542 763 -1138
80543 762 -1137
80544 761 -1136
80545 760 -1135
80546 760 -1135
80547 760 -1135
80548 760 -1135
80549 760 -1135
80550 759 -1134
80551 758 -1133
80552 757 -1132
80553 756 -1131
80554 755 -1130
80555 755 -1130
80556 755 -1130
80557 755 -1130
80558 755 -1130
80559 755 -1130
80560 755 -1130
80561 755 -1130
80562 755 -1130
80563 755 -1130
80564 755 -1128.75
80565 755 -1127.5
80566 755 -1126.25
80567 755 -1125
80568 755 -1125
80569 755 -1125
80570 755 -1125
80571 755 -1125
80572 755 -1125
80573 755 -1125
80574 755 -1125
80575 755 -1125
80576 755 -1125
80577 755 -1125
80578 755 -1125
80579 755 -1125
80580 755 -1125
80581 755 -1125
80582 755 -1125
80583 755 -1125
80584 755 -1125
80585 755 -1125
80586 755 -1125
80587 755 -1125
80588 755 -1125
80589 755 -1125
80590 755 -1125
80591 755 -1125
80592 755 -1125
80593 755 -1125
80594 755 -1125
80595 755 -1125
80596 755 -1125
80597 755 -1125
80598 755 -1125
80599 755 -1125
80600 755 -1125
80601 755 -1125
80602 755 -1125
80603 755 -1125
80604 755 -1125
80605 755 -1125
80606 755 -1125
80607 755 -1125
80608 755 -1125
80609 755 -1125
80610 755 -1125
80611 755 -1125
80612 755 -1125
80613 754 -1124
80614 753 -1123
80615 752 -1122
80616 751 -1121
80617 750 -1120
80618 750 -1120
80619 750 -1120
80620 750 -1120
80621 750 -1120
80622 750 -1120
80623 748.75 -1120
80624 747.5 -1120
80625 746.25 -1120
80626 745 -1120
80627 745 -1120
80628 745 -1120
80629 745 -1120
80630 745 -1120
80631 745 -1120
80632 743.75 -1121.25
80633 742.5 -1122.5
80634 741.25 -1123.75
80635 740 -1125
80636 740 -1125
80637 740 -1125
80638 740 -1125
80639 740 -1125
80640 740 -1125
80641 738.75 -1127.5
80642 737.5 -1130
80643 736.25 -1132.5
80644 735 -1135
80645 735 -1135
80646 735 -1135
80647 735 -1135
80648 735 -1135
80649 735 -1135
80650 733.75 -1137.5
80651 732.5 -1140
80652 731.25 -1142.5
80653 730 -1145
80654 730 -1145
80655 730 -1145
80656 730 -1145
80657 730 -1145
80658 730 -1145
80659 728.75 -1147.5
80660 727.5 -1150
80661 726.25 -1152.5
80662 725 -1155
80663 721 -1159
80664 717 -1163
80665 713 -1167
80666 709 -1171
80667 705 -1175
80668 705 -1175
80669 705 -1175
80670 705 -1175
80671 705 -1175
80672 705 -1177
80673 705 -1179
80674 705 -1181
80675 705 -1183
80676 705 -1185
80677 705 -1185
80678 705 -1185
80679 705 -1185
80680 705 -1185
80681 704 -1186
80682 703 -1187
80683 702 -1188
80684 701 -1189
80685 700 -1190
80686 700 -1190
80687 700 -1190
80688 700 -1190
80689 700 -1190
80690 699 -1191
80691 698 -1192
80692 697 -1193
80693 696 -1194
80694 695 -1195
80695 695 -1195
80696 695 -1195
80697 695 -1195
80698 695 -1195
80699 695 -1195
80700 695 -1195
80701 695 -1195
80702 695 -1195
80703 695 -1195
80704 695 -1195
80705 695 -1195
80706 695 -1195
80707 695 -1195
80708 695 -1195
80709 695 -1195
80710 695 -1195
80711 695 -1195
80712 695 -1195
80713 695 -1195
80714 695 -1195
80715 695 -1195
80716 695 -1195
80717 695 -1195
80718 695 -1195
80719 695 -1195
80720 695 -1195
80721 695 -1195
80722 695 -1195
80723 695 -1195
80724 695 -1195
80725 695 -1195
80726 695 -1195
80727 695 -1195
80728 695 -1195
80729 695 -1195
80730 695 -1195
80731 695 -1195
80732 695 -1195
80733 695 -1195
80734 695 -1195
80735 695 -1195
80736 695 -1195
80737 695 -1195
80738 695 -1195
80739 695 -1195
80740 695 -1195
80741 695 -1195
80742 695 -1195
80743 695 -1195
80744 695 -1195
80745 695 -1195
80746 695 -1195
80747 695 -1195
80748 695 -1195
80749 695 -1195
80750 695 -1195
80751 695 -1195
80752 695 -1195
80753 695 -1195
80754 695 -1192.5
80755 695 -1190
80756 695 -1187.5
80757 695 -1185
80758 695 -1185
80759 695 -1185
80760 695 -1185
80761 695 -1185
80762 695 -1185
80763 695 -1182.5
80764 695 -1180
80765 695 -1177.5
80766 695 -1175
80767 695 -1175
80768 695 -1175
80769 695 -1175
80770 695 -1175
80771 695 -1175
80772 695 -1172.5
80773 695 -1170
80774 695 -1167.5
80775 695 -1165
80776 695 -1165
80777 695 -1165
80778 695 -1165
80779 695 -1165
80780 695 -1165
80781 694 -1164
80782 693 -1163
80783 692 -1162
80784 691 -1161
80785 690 -1160
80786 690 -1160
80787 690 -1160
80788 690 -1160
80789 690 -1160
80790 688 -1154
80791 686 -1148
80792 684 -1142
80793 682 -1136
80794 680 -1130
80795 680 -1130
80796 680 -1130
80797 680 -1130
80798 680 -1130
80799 680 -1130
80800 680 -1130
80801 680 -1130
80802 680 -1130
80803 680 -1130
80804 680 -1129
80805 680 -1128
80806 680 -1127
80807 680 -1126
80808 680 -1125
80809 680 -1125
80810 680 -1125
80811 680 -1125
80812 680 -1125
80813 680 -1123.75
80814 680 -1122.5
80815 680 -1121.25
80816 680 -1120
80817 680 -1120
80818 680 -1120
80819 680 -1120
80820 680 -1120
80821 680 -1120
80822 680 -1120
80823 680 -1120
80824 680 -1120
80825 680 -1120
80826 680 -1120
80827 680 -1120
80828 680 -1120
80829 680 -1120
80830 680 -1120
80831 680 -1120
80832 680 -1120
80833 680 -1120
80834 680 -1120
80835 680 -1120
80836 680 -1120
80837 680 -1120
80838 680 -1120
80839 680 -1120
80840 680 -1120
80841 680 -1120
80842 680 -1120
80843 680 -1120
80844 680 -1120
80845 680 -1120
80846 680 -1120
80847 680 -1120
80848 680 -1120
80849 680 -1120
80850 680 -1120
80851 680 -1120
80852 680 -1120
80853 680 -1120
80854 680 -1120
80855 680 -1120
80856 680 -1120
80857 680 -1120
80858 680 -1120
80859 680 -1120
80860 680 -1120
80861 680 -1120
80862 680 -1120
80863 680 -1120
80864 680 -1120
80865 680 -1120
80866 680 -1120
80867 680 -1120
80868 680 -1120
80869 680 -1120
80870 680 -1120
80871 680 -1120
80872 680 -1120
80873 680 -1120
80874 680 -1120
80875 680 -1120
80876 680 -1120
80877 680 -1120
80878 680 -1120
80879 680 -1120
80880 680 -1120
80881 680 -1120
80882 680 -1120
80883 680 -1120
80884 680 -1120
80885 680 -1120
80886 679 -1120
80887 678 -1120
80888 677 -1120
80889 676 -1120
80890 675 -1120
80891 675 -1120
80892 675 -1120
80893 675 -1120
80894 675 -1120
80895 671 -1124
80896 667 -1128
80897 663 -1132
80898 659 -1136
80899 655 -1140
80900 655 -1140
80901 655 -1140
80902 655 -1140
80903 655 -1140
80904 655 -1140
80905 655 -1140
80906 655 -1140
80907 655 -1140
80908 655 -1140
80909 655 -1141
80910 655 -1142
80911 655 -1143
80912 655 -1144
80913 655 -1145
80914 655 -1145
80915 655 -1145
80916 655 -1145
80917 655 -1145
80918 654 -1146
80919 653 -1147
80920 652 -1148
80921 651 -1149
80922 650 -1150
80923 650 -1150
80924 650 -1150
80925 650 -1150
80926 650 -1150
80927 649 -1151
80928 648 -1152
80929 647 -1153
80930 646 -1154
80931 645 -1155
80932 643.75 -1156.25
80933 642.5 -1157.5
80934 641.25 -1158.75
80935 640 -1160
80936 640 -1160
80937 640 -1160
80938 640 -1160
80939 640 -1160
80940 640 -1160
80941 640 -1161.25
80942 640 -1162.5
80943 640 -1163.75
80944 640 -1165
80945 640 -1165
80946 640 -1165
80947 640 -1165
80948 640 -1165
80949 640 -1165
80950 640 -1165
80951 640 -1165
80952 640 -1165
80953 640 -1165
80954 640 -1165
80955 640 -1165
80956 640 -1165
80957 640 -1165
80958 640 -1165
80959 640 -1165
80960 640 -1165
80961 640 -1165
80962 640 -1165
80963 640 -1165
80964 640 -1165
80965 640 -1165
80966 640 -1165
80967 640 -1165
80968 640 -1165
80969 640 -1165
80970 640 -1165
80971 640 -1165
80972 640 -1165
80973 640 -1165
80974 640 -1165
80975 640 -1165
80976 640 -1165
80977 640 -1165
80978 640 -1165
80979 640 -1165
80980 640 -1165
80981 640 -1165
80982 640 -1165
80983 640 -1165
80984 640 -1165
80985 640 -1165
80986 640 -1165
80987 640 -1165
80988 640 -1165
80989 640 -1165
80990 640 -1165
80991 640 -1165
80992 640 -1165
80993 640 -1165
80994 640 -1165
80995 640 -1165
80996 640 -1165
80997 640 -1165
80998 640 -1165
80999 640 -1165
81000 640 -1165
81001 640 -1165
81002 640 -1165
81003 640 -1165
81004 640 -1165
81005 640 -1165
81006 640 -1165
81007 640 -1165
81008 640 -1165
81009 638.75 -1163.75
81010 637.5 -1162.5
81011 636.25 -1161.25
81012 635 -1160
81013 635 -1160
81014 635 -1160
81015 635 -1160
81016 635 -1160
81017 635 -1160
81018 633.75 -1157.5
81019 632.5 -1155
81020 631.25 -1152.5
81021 630 -1150
81022 630 -1150
81023 630 -1150
81024 630 -1150
81025 630 -1150
81026 630 -1150
81027 628.75 -1148.75
81028 627.5 -1147.5
81029 626.25 -1146.25
81030 625 -1145
81031 625 -1145
81032 625 -1145
81033 625 -1145
81034 625 -1145
81035 625 -1145
81036 620 -1137.5
81037 615 -1130
81038 610 -1122.5
81039 605 -1115
81040 605 -1115
81041 605 -1115
81042 605 -1115
81043 605 -1115
81044 605 -1115
81045 603.75 -1113.75
81046 602.5 -1112.5
81047 601.25 -1111.25
81048 600 -1110
81049 600 -1110
81050 600 -1110
81051 600 -1110
81052 600 -1110
81053 600 -1110
81054 600 -1109
81055 600 -1108
81056 600 -1107
81057 600 -1106
81058 600 -1105
81059 600 -1105
81060 600 -1105
81061 600 -1105
81062 600 -1105
81063 600 -1104
81064 600 -1103
81065 600 -1102
81066 600 -1101
81067 600 -1100
81068 600 -1100
81069 600 -1100
81070 600 -1100
81071 600 -1100
81072 599 -1099
81073 598 -1098
81074 597 -1097
81075 596 -1096
81076 595 -1095
81077 595 -1095
81078 595 -1095
81079 595 -1095
81080 595 -1095
81081 595 -1095
81082 595 -1095
81083 595 -1095
81084 595 -1095
81085 595 -1095
81086 595 -1095
81087 595 -1095
81088 595 -1095
81089 595 -1095
81090 595 -1095
81091 595 -1095
81092 595 -1095
81093 595 -1095
81094 595 -1095
81095 595 -1095
81096 595 -1095
81097 595 -1095
81098 595 -1095
81099 595 -1095
81100 595 -1095
81101 595 -1095
81102 595 -1095
81103 595 -1095
81104 595 -1095
81105 595 -1095
81106 595 -1095
81107 595 -1095
81108 595 -1095
81109 595 -1095
81110 595 -1095
81111 595 -1095
81112 595 -1095
81113 595 -1095
81114 595 -1095
81115 595 -1095
81116 595 -1095
81117 595 -1095
81118 595 -1095
81119 595 -1095
81120 595 -1095
81121 595 -1095
81122 595 -1095
81123 595 -1095
81124 595 -1095
81125 595 -1095
81126 595 -1095
81127 595 -1095
81128 595 -1095
81129 595 -1095
81130 595 -1095
81131 595 -1095
81132 595 -1095
81133 595 -1095
81134 595 -1095
81135 595 -1095
81136 595 -1095
81137 595 -1095
81138 595 -1095
81139 595 -1095
81140 595 -1095
81141 595 -1095
81142 595 -1095
81143 595 -1095
81144 595 -1095
81145 595 -1095
81146 595 -1095
81147 595 -1095
81148 595 -1095
81149 590 -1100
81150 585 -1105
81151 580 -1110
81152 575 -1115
81153 575 -1115
81154 575 -1115
81155 575 -1115
81156 575 -1115
81157 575 -1115
81158 575 -1115
81159 575 -1115
81160 575 -1115
81161 575 -1115
81162 574 -1116
81163 573 -1117
81164 572 -1118
81165 571 -1119
81166 570 -1120
81167 570 -1120
81168 570 -1120
81169 570 -1120
81170 570 -1120
81171 569 -1122
81172 568 -1124
81173 567 -1126
81174 566 -1128
81175 565 -1130
81176 565 -1130
81177 565 -1130
81178 565 -1130
81179 565 -1130
81180 565 -1130
81181 563.75 -1131.25
81182 562.5 -1132.5
81183 561.25 -1133.75
81184 560 -1135
81185 560 -1135
81186 560 -1135
81187 560 -1135
81188 560 -1135
81189 560 -1135
81190 560 -1136
81191 560 -1137
81192 560 -1138
81193 560 -1139
81194 560 -1140
81195 560 -1140
81196 560 -1140
81197 560 -1140
81198 560 -1140
81199 559 -1142
81200 558 -1144
81201 557 -1146
81202 556 -1148
81203 555 -1150
81204 555 -1150
81205 555 -1150
81206 555 -1150
81207 555 -1150
81208 554 -1151
81209 553 -1152
81210 552 -1153
81211 551 -1154
81212 550 -1155
81213 548.75 -1156.25
81214 547.5 -1157.5
81215 546.25 -1158.75
81216 545 -1160
81217 545 -1160
81218 545 -1160
81219 545 -1160
81220 545 -1160
81221 545 -1160
81222 545 -1160
81223 545 -1160
81224 545 -1160
81225 545 -1160
81226 545 -1160
81227 545 -1160
81228 545 -1160
81229 545 -1160
81230 545 -1160
81231 545 -1160
81232 545 -1160
81233 545 -1160
81234 545 -1160
81235 545 -1160
81236 545 -1160
81237 545 -1160
81238 545 -1160
81239 545 -1160
81240 545 -1160
81241 545 -1160
81242 545 -1160
81243 545 -1160
81244 545 -1160
81245 545 -1160
81246 545 -1160
81247 545 -1160
81248 545 -1160
81249 545 -1160
81250 545 -1160
81251 545 -1160
81252 545 -1160
81253 545 -1160
81254 545 -1160
81255 545 -1160
81256 545 -1160
81257 545 -1160
81258 545 -1160
81259 545 -1160
81260 545 -1160
81261 545 -1160
81262 545 -1160
81263 545 -1160
81264 545 -1160
81265 545 -1160
81266 545 -1160
81267 545 -1160
81268 545 -1160
81269 545 -1160
81270 545 -1160
81271 545 -1160
81272 545 -1160
81273 545 -1160
81274 545 -1160
81275 545 -1160
81276 544 -1160
81277 543 -1160
81278 542 -1160
81279 541 -1160
81280 540 -1160
81281 538.75 -1158.75
81282 537.5 -1157.5
81283 536.25 -1156.25
81284 535 -1155
81285 535 -1155
81286 535 -1155
81287 535 -1155
81288 535 -1155
81289 535 -1155
81290 535 -1153.75
81291 535 -1152.5
81292 535 -1151.25
81293 535 -1150
81294 535 -1150
81295 535 -1150
81296 535 -1150
81297 535 -1150
81298 535 -1150
81299 533.75 -1148.75
81300 532.5 -1147.5
81301 531.25 -1146.25
81302 530 -1145
81303 530 -1145
81304 530 -1145
81305 530 -1145
81306 530 -1145
81307 530 -1145
81308 528.75 -1142.5
81309 527.5 -1140
81310 526.25 -1137.5
81311 525 -1135
81312 525 -1135
81313 525 -1135
81314 525 -1135
81315 525 -1135
81316 523.75 -1132.5
81317 522.5 -1130
81318 521.25 -1127.5
81319 520 -1125
81320 520 -1125
81321 520 -1125
81322 520 -1125
81323 520 -1125
81324 520 -1125
81325 518.75 -1123.75
81326 517.5 -1122.5
81327 516.25 -1121.25
81328 515 -1120
81329 515 -1120
81330 515 -1120
81331 515 -1120
81332 515 -1120
81333 515 -1120
81334 515 -1120
81335 515 -1120
81336 515 -1120
81337 515 -1120
81338 515 -1119
81339 515 -1118
81340 515 -1117
81341 515 -1116
81342 515 -1115
81343 515 -1115
81344 515 -1115
81345 515 -1115
81346 515 -1115
81347 515 -1115
81348 515 -1115
81349 515 -1115
81350 515 -1115
81351 515 -1115
81352 515 -1115
81353 515 -1115
81354 515 -1115
81355 515 -1115
81356 515 -1115
81357 515 -1115
81358 515 -1115
81359 515 -1115
81360 515 -1115
81361 515 -1115
81362 515 -1115
81363 515 -1115
81364 515 -1115
81365 515 -1115
81366 515 -1115
81367 515 -1115
81368 515 -1115
81369 515 -1115
81370 515 -1115
81371 515 -1115
81372 515 -1115
81373 515 -1115
81374 515 -1115
81375 515 -1115
81376 515 -1115
81377 515 -1115
81378 515 -1115
81379 515 -1115
81380 515 -1115
81381 515 -1115
81382 515 -1115
81383 515 -1115
81384 515 -1115
81385 515 -1115
81386 515 -1115
81387 515 -1115
81388 515 -1115
81389 515 -1115
81390 515 -1115
81391 515 -1115
81392 515 -1115
81393 515 -1115
81394 515 -1115
81395 515 -1115
81396 515 -1115
81397 515 -1115
81398 515 -1115
81399 515 -1115
81400 515 -1115
81401 515 -1115
81402 513.75 -1115
81403 512.5 -1115
81404 511.25 -1115
81405 510 -1115
81406 509 -1116
81407 508 -1117
81408 507 -1118
81409 506 -1119
81410 505 -1120
81411 505 -1120
81412 505 -1120
81413 505 -1120
81414 505 -1120
81415 505 -1120
81416 505 -1121.25
81417 505 -1122.5
81418 505 -1123.75
81419 505 -1125
81420 505 -1125
81421 505 -1125
81422 505 -1125
81423 505 -1125
81424 505 -1125
81425 503.75 -1127.5
81426 502.5 -1130
81427 501.25 -1132.5
81428 500 -1135
81429 500 -1135
81430 500 -1135
81431 500 -1135
81432 500 -1135
81433 500 -1135
81434 500 -1136.25
81435 500 -1137.5
81436 500 -1138.75
81437 500 -1140
81438 500 -1140
81439 500 -1140
81440 500 -1140
81441 500 -1140
81442 500 -1140
81443 498.75 -1141.25
81444 497.5 -1142.5
81445 496.25 -1143.75
81446 495 -1145
81447 495 -1145
81448 495 -1145
81449 495 -1145
81450 495 -1145
81451 495 -1145
81452 493.75 -1146.25
81453 492.5 -1147.5
81454 491.25 -1148.75
81455 490 -1150
81456 489 -1152
81457 488 -1154
81458 487 -1156
81459 486 -1158
81460 485 -1160
81461 485 -1160
81462 485 -1160
81463 485 -1160
81464 485 -1160
81465 485 -1160
81466 485 -1160
81467 485 -1160
81468 485 -1160
81469 485 -1160
81470 483.75 -1162.5
81471 482.5 -1165
81472 481.25 -1167.5
81473 480 -1170
81474 480 -1170
81475 480 -1170
81476 480 -1170
81477 480 -1170
81478 480 -1170
81479 480 -1170
81480 480 -1170
81481 480 -1170
81482 480 -1170
81483 480 -1170
81484 480 -1170
81485 480 -1170
81486 480 -1170
81487 480 -1170
81488 480 -1170
81489 480 -1170
81490 480 -1170
81491 480 -1170
81492 480 -1170
81493 480 -1170
81494 480 -1170
81495 480 -1170
81496 480 -1170
81497 480 -1170
81498 480 -1170
81499 480 -1170
81500 480 -1170
81501 480 -1170
81502 480 -1170
81503 480 -1170
81504 480 -1170
81505 480 -1170
81506 480 -1170
81507 480 -1170
81508 480 -1170
81509 480 -1170
81510 480 -1170
81511 480 -1170
81512 480 -1170
81513 480 -1170
81514 480 -1170
81515 480 -1170
81516 480 -1170
81517 480 -1170
81518 480 -1170
81519 480 -1170
81520 480 -1170
81521 480 -1170
81522 480 -1170
81523 480 -1170
81524 480 -1170
81525 480 -1170
81526 480 -1170
81527 480 -1170
81528 480 -1170
81529 480 -1170
81530 480 -1170
81531 480 -1170
81532 480 -1170
81533 480 -1170
81534 480 -1170
81535 480 -1170
81536 480 -1170
81537 480 -1170
81538 480 -1170
81539 480 -1170
81540 480 -1170
81541 480 -1170
81542 479 -1169
81543 478 -1168
81544 477 -1167
81545 476 -1166
81546 475 -1165
81547 475 -1165
81548 475 -1165
81549 475 -1165
81550 475 -1165
81551 475 -1165
81552 475 -1163.75
81553 475 -1162.5
81554 475 -1161.25
81555 475 -1160
81556 475 -1160
81557 475 -1160
81558 475 -1160
81559 475 -1160
81560 475 -1160
81561 473.75 -1158.75
81562 472.5 -1157.5
81563 471.25 -1156.25
81564 470 -1155
81565 470 -1154
81566 470 -1153
81567 470 -1152
81568 470 -1151
81569 470 -1150
81570 470 -1150
81571 470 -1150
81572 470 -1150
81573 470 -1150
81574 469 -1148
81575 468 -1146
81576 467 -1144
81577 466 -1142
81578 465 -1140
81579 465 -1140
81580 465 -1140
81581 465 -1140
81582 465 -1140
81583 465 -1140
81584 465 -1140
81585 465 -1140
81586 465 -1140
81587 465 -1140
81588 465 -1138.75
81589 465 -1137.5
81590 465 -1136.25
81591 465 -1135
81592 465 -1135
81593 465 -1135
81594 465 -1135
81595 465 -1135
81596 465 -1135
81597 463.75 -1133.75
81598 462.5 -1132.5
81599 461.25 -1131.25
81600 460 -1130
81601 460 -1130
81602 460 -1130
81603 460 -1130
81604 460 -1130
81605 460 -1130
81606 460 -1130
81607 460 -1130
81608 460 -1130
81609 460 -1130
81610 460 -1130
81611 460 -1130
81612 460 -1130
81613 460 -1130
81614 460 -1130
81615 460 -1130
81616 460 -1130
81617 460 -1130
81618 460 -1130
81619 460 -1130
81620 460 -1130
81621 460 -1130
81622 460 -1130
81623 460 -1130
81624 460 -1130
81625 460 -1130
81626 460 -1130
81627 460 -1130
81628 460 -1130
81629 460 -1130
81630 460 -1130
81631 460 -1130
81632 460 -1130
81633 460 -1130
81634 460 -1130
81635 460 -1130
81636 460 -1130
81637 460 -1130
81638 460 -1130
81639 460 -1130
81640 460 -1130
81641 460 -1130
81642 460 -1130
81643 460 -1130
81644 460 -1130
81645 460 -1130
81646 460 -1130
81647 460 -1130
81648 460 -1130
81649 460 -1130
81650 460 -1130
81651 460 -1130
81652 460 -1130
81653 460 -1130
81654 460 -1130
81655 460 -1130
81656 460 -1130
81657 460 -1130
81658 460 -1130
81659 460 -1130
81660 460 -1130
81661 460 -1130
81662 460 -1130
81663 460 -1130
81664 460 -1130
81665 460 -1130
81666 460 -1130
81667 460 -1130
81668 460 -1130
81669 459 -1129
81670 458 -1128
81671 457 -1127
81672 456 -1126
81673 455 -1125
81674 455 -1125
81675 455 -1125
81676 455 -1125
81677 455 -1125
81678 455 -1125
81679 455 -1125
81680 455 -1125
81681 455 -1125
81682 455 -1125
81683 455 -1125
81684 455 -1125
81685 455 -1125
81686 455 -1125
81687 454 -1125
81688 453 -1125
81689 452 -1125
81690 451 -1125
81691 450 -1125
81692 450 -1125
81693 450 -1125
81694 450 -1125
81695 450 -1125
81696 449 -1126
81697 448 -1127
81698 447 -1128
81699 446 -1129
81700 445 -1130
81701 445 -1130
81702 445 -1130
81703 445 -1130
81704 445 -1130
81705 444 -1131
81706 443 -1132
81707 442 -1133
81708 441 -1134
81709 440 -1135
81710 439 -1137
81711 438 -1139
81712 437 -1141
81713 436 -1143
81714 435 -1145
81715 435 -1145
81716 435 -1145
81717 435 -1145
81718 435 -1145
81719 431 -1149
81720 427 -1153
81721 423 -1157
81722 419 -1161
81723 415 -1165
81724 415 -1165
81725 415 -1165
81726 415 -1165
81727 415 -1165
81728 415 -1165
81729 415 -1165
81730 415 -1165
81731 415 -1165
81732 415 -1165
81733 415 -1165
81734 415 -1165
81735 415 -1165
81736 415 -1165
81737 415 -1165
81738 415 -1166.25
81739 415 -1167.5
81740 415 -1168.75
81741 415 -1170
81742 415 -1170
81743 415 -1170
81744 415 -1170
81745 415 -1170
81746 414 -1171
81747 413 -1172
81748 412 -1173
81749 411 -1174
81750 410 -1175
81751 410 -1175
81752 410 -1175
81753 410 -1175
81754 410 -1175
81755 410 -1175
81756 410 -1175
81757 410 -1175
81758 410 -1175
81759 410 -1175
81760 410 -1175
81761 410 -1175
81762 410 -1175
81763 410 -1175
81764 410 -1175
81765 410 -1175
81766 410 -1175
81767 410 -1175
81768 410 -1175
81769 410 -1175
81770 410 -1175
81771 410 -1175
81772 410 -1175
81773 410 -1175
81774 410 -1175
81775 410 -1175
81776 410 -1175
81777 410 -1175
81778 410 -1175
81779 410 -1175
81780 410 -1175
81781 410 -1175
81782 410 -1175
81783 410 -1175
81784 410 -1175
81785 410 -1175
81786 410 -1175
81787 410 -1175
81788 410 -1175
81789 410 -1175
81790 410 -1175
81791 410 -1175
81792 410 -1175
81793 410 -1175
81794 410 -1175
81795 410 -1175
81796 410 -1175
81797 410 -1175
81798 410 -1175
81799 410 -1175
81800 410 -1175
81801 410 -1175
81802 410 -1175
81803 410 -1175
81804 410 -1175
81805 410 -1175
81806 410 -1175
81807 410 -1175
81808 410 -1175
81809 410 -1175
81810 408.75 -1172.5
81811 407.5 -1170
81812 406.25 -1167.5
81813 405 -1165
81814 405 -1165
81815 405 -1165
81816 405 -1165
81817 405 -1165
81818 405 -1165
81819 403.75 -1163.75
81820 402.5 -1162.5
81821 401.25 -1161.25
81822 400 -1160
81823 400 -1160
81824 400 -1160
81825 400 -1160
81826 400 -1160
81827 400 -1160
81828 400 -1158.75
81829 400 -1157.5
81830 400 -1156.25
81831 400 -1155
81832 399.166666666667 -1153.33333333333
81833 398.333333333333 -1151.66666666667
81834 397.5 -1150
81835 396.666666666667 -1148.33333333333
81836 395.833333333333 -1146.66666666667
81837 395 -1145
81838 395 -1145
81839 395 -1145
81840 395 -1145
81841 395 -1145
81842 395 -1145
81843 395 -1145
81844 395 -1145
81845 395 -1145
81846 395 -1145
81847 394 -1144
81848 393 -1143
81849 392 -1142
81850 391 -1141
81851 390 -1140
81852 390 -1140
81853 390 -1140
81854 390 -1140
81855 390 -1140
81856 390 -1140
81857 390 -1140
81858 390 -1140
81859 390 -1140
81860 390 -1140
81861 388.75 -1138.75
81862 387.5 -1137.5
81863 386.25 -1136.25
81864 385 -1135
81865 385 -1135
81866 385 -1135
81867 385 -1135
81868 385 -1135
81869 385 -1135
81870 385 -1135
81871 385 -1135
81872 385 -1135
81873 385 -1135
81874 385 -1135
81875 385 -1135
81876 385 -1135
81877 385 -1135
81878 385 -1135
81879 385 -1135
81880 385 -1135
81881 385 -1135
81882 385 -1135
81883 385 -1135
81884 385 -1135
81885 385 -1135
81886 385 -1135
81887 385 -1135
81888 385 -1135
81889 385 -1135
81890 385 -1135
81891 385 -1135
81892 385 -1135
81893 385 -1135
81894 385 -1135
81895 385 -1135
81896 385 -1135
81897 385 -1135
81898 385 -1135
81899 385 -1135
81900 385 -1135
81901 385 -1135
81902 385 -1135
81903 385 -1135
81904 385 -1135
81905 385 -1135
81906 385 -1135
81907 385 -1135
81908 385 -1135
81909 385 -1135
81910 385 -1135
81911 385 -1135
81912 385 -1135
81913 385 -1135
81914 385 -1135
81915 385 -1135
81916 385 -1135
81917 385 -1135
81918 385 -1135
81919 385 -1135
81920 385 -1135
81921 385 -1135
81922 385 -1135
81923 385 -1135
81924 385 -1135
81925 385 -1135
81926 385 -1135
81927 385 -1135
81928 385 -1135
81929 385 -1135
81930 385 -1135
81931 385 -1135
81932 385 -1135
81933 385 -1135
81934 385 -1135
81935 385 -1135
81936 385 -1135
81937 385 -1135
81938 385 -1135
81939 385 -1135
81940 385 -1135
81941 385 -1135
81942 385 -1135
81943 385 -1135
81944 385 -1135
81945 385 -1135
81946 385 -1135
81947 383.75 -1133.75
81948 382.5 -1132.5
81949 381.25 -1131.25
81950 380 -1130
81951 379 -1130
81952 378 -1130
81953 377 -1130
81954 376 -1130
81955 375 -1130
81956 375 -1130
81957 375 -1130
81958 375 -1130
81959 375 -1130
81960 374 -1131
81961 373 -1132
81962 372 -1133
81963 371 -1134
81964 370 -1135
81965 370 -1135
81966 370 -1135
81967 370 -1135
81968 370 -1135
81969 366 -1139
81970 362 -1143
81971 358 -1147
81972 354 -1151
81973 350 -1155
81974 350 -1155
81975 350 -1155
81976 350 -1155
81977 350 -1155
81978 350 -1155
81979 350 -1156.25
81980 350 -1157.5
81981 350 -1158.75
81982 350 -1160
81983 350 -1160
81984 350 -1160
81985 350 -1160
81986 350 -1160
81987 350 -1160
81988 345 -1167.5
81989 340 -1175
81990 335 -1182.5
81991 330 -1190
81992 330 -1190
81993 330 -1190
81994 330 -1190
81995 330 -1190
81996 330 -1190
81997 328.75 -1191.25
81998 327.5 -1192.5
81999 326.25 -1193.75
82000 325 -1195
82001 325 -1195
82002 325 -1195
82003 325 -1195
82004 325 -1195
82005 325 -1195
82006 325 -1196.25
82007 325 -1197.5
82008 325 -1198.75
82009 325 -1200
82010 325 -1200
82011 325 -1200
82012 325 -1200
82013 325 -1200
82014 325 -1200
82015 325 -1201.25
82016 325 -1202.5
82017 325 -1203.75
82018 325 -1205
82019 325 -1205
82020 325 -1205
82021 325 -1205
82022 325 -1205
82023 325 -1205
82024 325 -1205
82025 325 -1205
82026 325 -1205
82027 325 -1205
82028 325 -1205
82029 325 -1205
82030 325 -1205
82031 325 -1205
82032 325 -1205
82033 325 -1205
82034 325 -1205
82035 325 -1205
82036 325 -1205
82037 325 -1205
82038 325 -1205
82039 325 -1205
82040 325 -1205
82041 325 -1205
82042 325 -1205
82043 325 -1205
82044 325 -1205
82045 325 -1205
82046 325 -1205
82047 325 -1205
82048 325 -1205
82049 325 -1205
82050 325 -1205
82051 325 -1205
82052 325 -1205
82053 325 -1205
82054 325 -1205
82055 325 -1205
82056 325 -1205
82057 325 -1205
82058 325 -1205
82059 325 -1205
82060 325 -1205
82061 325 -1205
82062 325 -1205
82063 325 -1205
82064 325 -1205
82065 325 -1205
82066 325 -1205
82067 325 -1205
82068 325 -1205
82069 325 -1205
82070 325 -1205
82071 325 -1205
82072 325 -1205
82073 325 -1205
82074 325 -1205
82075 325 -1205
82076 325 -1205
82077 325 -1205
82078 323.75 -1205
82079 322.5 -1205
82080 321.25 -1205
82081 320 -1205
82082 320 -1205
82083 320 -1205
82084 320 -1205
82085 320 -1205
82086 320 -1205
82087 319 -1204
82088 318 -1203
82089 317 -1202
82090 316 -1201
82091 315 -1200
82092 315 -1200
82093 315 -1200
82094 315 -1200
82095 315 -1200
82096 315 -1199
82097 315 -1198
82098 315 -1197
82099 315 -1196
82100 315 -1195
82101 315 -1195
82102 315 -1195
82103 315 -1195
82104 315 -1195
82105 314.166666666667 -1194.16666666667
82106 313.333333333333 -1193.33333333333
82107 312.5 -1192.5
82108 311.666666666667 -1191.66666666667
82109 310.833333333333 -1190.83333333333
82110 310 -1190
82111 310 -1190
82112 310 -1190
82113 310 -1190
82114 310 -1189
82115 310 -1188
82116 310 -1187
82117 310 -1186
82118 310 -1185
82119 310 -1185
82120 310 -1185
82121 310 -1185
82122 310 -1185
82123 310 -1185
82124 310 -1182.5
82125 310 -1180
82126 310 -1177.5
82127 310 -1175
82128 310 -1175
82129 310 -1175
82130 310 -1175
82131 310 -1175
82132 310 -1175
82133 308.75 -1173.75
82134 307.5 -1172.5
82135 306.25 -1171.25
82136 305 -1170
82137 305 -1170
82138 305 -1170
82139 305 -1170
82140 305 -1170
82141 305 -1170
82142 305 -1170
82143 305 -1170
82144 305 -1170
82145 305 -1170
82146 305 -1170
82147 305 -1170
82148 305 -1170
82149 305 -1170
82150 305 -1170
82151 305 -1170
82152 305 -1170
82153 305 -1170
82154 305 -1170
82155 305 -1170
82156 305 -1170
82157 305 -1170
82158 305 -1170
82159 305 -1170
82160 305 -1170
82161 305 -1170
82162 305 -1170
82163 305 -1170
82164 305 -1170
82165 305 -1170
82166 305 -1170
82167 305 -1170
82168 305 -1170
82169 305 -1170
82170 305 -1170
82171 305 -1170
82172 305 -1170
82173 305 -1170
82174 305 -1170
82175 305 -1170
82176 305 -1170
82177 305 -1170
82178 305 -1170
82179 305 -1170
82180 305 -1170
82181 305 -1170
82182 305 -1170
82183 305 -1170
82184 305 -1170
82185 305 -1170
82186 305 -1170
82187 305 -1170
82188 305 -1170
82189 305 -1170
82190 305 -1170
82191 305 -1170
82192 305 -1170
82193 305 -1170
82194 305 -1170
82195 305 -1170
82196 305 -1170
82197 305 -1170
82198 305 -1170
82199 305 -1170
82200 305 -1170
82201 305 -1170
82202 305 -1170
82203 305 -1170
82204 305 -1170
82205 305 -1170
82206 305 -1170
82207 305 -1170
82208 305 -1170
82209 305 -1170
82210 305 -1170
82211 305 -1170
82212 305 -1170
82213 305 -1170
82214 304 -1169
82215 303 -1168
82216 302 -1167
82217 301 -1166
82218 300 -1165
82219 300 -1165
82220 300 -1165
82221 300 -1165
82222 300 -1165
82223 300 -1165
82224 298.75 -1165
82225 297.5 -1165
82226 296.25 -1165
82227 295 -1165
82228 295 -1165
82229 295 -1165
82230 295 -1165
82231 295 -1165
82232 295 -1165
82233 295 -1167.5
82234 295 -1170
82235 295 -1172.5
82236 295 -1175
82237 295 -1175
82238 295 -1175
82239 295 -1175
82240 295 -1175
82241 295 -1175
82242 293.75 -1176.25
82243 292.5 -1177.5
82244 291.25 -1178.75
82245 290 -1180
82246 290 -1180
82247 290 -1180
82248 290 -1180
82249 290 -1180
82250 290 -1180
82251 285 -1185
82252 280 -1190
82253 275 -1195
